15062.0877233
7699.04804604
5187.76197613
3911.49351714
3072.05175472
2561.32629251
2242.0995909
1894.13484852
1610.91679249
1399.38375987
1235.70203821
1097.97535878
968.04827944
887.421521963
820.360574142
768.251023672
718.325432585
673.54841469
643.206985967
609.48625147
582.131765699
560.240998856
533.091017783
512.648185665
490.463335069
470.195678287
453.053894765
436.174292359
420.822341174
406.507942153
390.558641482
376.191112722
366.663146817
359.707950272
348.222177133
338.760705313
329.689246902
320.771288373
314.930677684
309.21953265
304.004707512
296.11471789
286.958259191
279.468321691
272.777508084
267.742044023
264.309481843
256.27907728
252.095663947
246.124556208
240.669139323
237.681139071
233.622190135
227.981933413
224.873146784
221.036142527
216.843288013
213.67672291
211.280697246
208.114093306
205.866646566
203.505344686
202.085627023
200.243412022
198.157324045
169.570853617
145.669682779
129.394867997
118.24867361
108.921083354
103.030518499
94.6507400866
88.9076485794
84.4516968474
81.757585157
78.8970062177
74.9180576435
73.2401172805
71.9202977281
68.788208597
67.2092559896
64.8830175067
65.4959448167
63.1213129891
63.1757723672
61.4707212832
58.7833591573
58.9715376061
58.1937146245
57.9357634194
56.531830243
55.1833510526
53.9663313063
54.7094054527
52.5996150345
52.5808970182
52.0012054664
52.1880867758
51.9514777753
51.4985091283
51.0234543319
49.7980909221
48.8111944745
48.806770839
48.1117770091
48.2042057035
47.9500529519
48.0034869945
48.4180485895
47.9243661907
47.0506428928
46.7046940368
46.5864948484
45.6759768768
45.4253356548
46.0448248428
45.9353312747
45.0552373913
44.4094237805
44.7744722065
44.3927187214
43.7369639916
44.6040436778
44.0087827701
44.5212695828
45.4774871039
45.7194110714
45.8538898544
44.5924111649
44.5464008654
45.1525468472
45.1898890657
45.4882530927
43.0876688016
43.352961656
43.7459991135
43.018203521
43.6352987908
43.2766135838
42.8282212418
41.8946018656
42.1169093095
42.729666444
42.313178298
41.4518939413
42.3678589278
42.751574299
42.5469671779
40.8436137929
41.2658727436
41.6864577915
41.3281608147
41.4504139526
40.93815157
41.7885899884
40.8423923523
40.9641674991
40.4755690875
40.8586498263
41.2192898532
40.2683354986
40.1685552305
40.0143283201
41.1135295633
40.3687365013
39.1620750225
39.9147564724
38.970656428
38.7332994969
38.8608607549
39.2000680483
38.6027865198
38.674967615
38.9602085031
39.7107254481
38.9925992848
39.4828720722
39.5612900235
38.7540464767
38.6078190012
38.470180857
38.9832495619
39.9119244793
38.516250852
39.2279820873
39.0213703119
39.0129259218
38.9109378556
37.886431953
37.4168120094
37.4231228099
37.7343737555
37.7523918279
37.2169787722
37.5905096891
36.6706983485
37.2274812484
37.7223441433
36.5164771382
36.7654514892
36.0491749553
35.5652384622
36.0202652375
36.9323246396
36.720961822
36.6412237318
36.2802502379
36.0191451627
36.1712954928
36.4202083214
37.395207875
37.492682538
37.4090957949
36.8396053774
37.139822277
35.0845898084
36.359430298
36.1035975507
35.4335180967
35.5544204228
36.4070678287
36.0265584063
35.8279765904
36.1871392922
36.4896979673
36.7024257609
36.2697321643
35.9258195135
35.865813353
36.2523668342
37.1792457262
36.7767376071
35.6026462924
35.7819352093
35.5918093782
35.9360414175
35.4028009174
35.2744075675
35.4277316732
35.9660355129
35.6000645441
35.5595114206
35.5647682802
36.5538323846
36.5817695002
35.5583873305
35.2591567134
36.0433031076
35.8977773225
36.0792221842
35.079969986
35.2723818958
34.2646070239
33.6613665743
34.2440898675
34.2031286046
34.5698237564
34.5937580174
34.0821662485
34.1368493707
35.3935838768
36.2765345804
36.3831068947
37.4456491331
37.1576697821
36.5517124868
35.7558705281
35.7734042561
36.1187093551
35.8782883159
36.2228076911
36.8892060257
35.6085355046
36.4846383753
35.8969653583
35.4526916481
35.8599267039
35.1564748237
36.0086495669
35.0539367418
35.5320053825
34.1799531786
34.4370991257
35.0431682463
33.9993873413
34.1089231664
33.5358442205
33.4142706909
33.7097839347
33.554398034
33.6172482965
33.4633276567
34.3436964171
34.1554741491
34.5247948143
33.9646832025
33.3529667541
33.94398616
33.6564567056
33.9465556854
34.1003863847
33.2323550235
33.0816403999
34.0570231951
33.5729860734
33.9774463745
33.4995839644
34.149702244
34.5165276593
33.9040336551
32.906121664
33.4106505935
33.4354007612
34.3132165654
34.3574590096
33.9450541051
32.0266158676
33.1735165582
34.0474153495
33.0868739894
33.3939914306
32.0395162547
33.3271793039
33.5431238379
32.5369247896
33.0263566446
33.1204555641
32.8025513223
32.554022383
32.0467185153
32.7655328293
32.0836727463
32.3341482401
32.3859942236
32.5035889368
32.6962574817
33.078381583
33.3904434479
33.2025320436
33.4978746255
33.7740324589
32.5747709167
32.4063144107
32.5105039787
33.5213404416
32.7224861421
33.8475693661
32.8504769807
32.4659152968
32.4679581122
32.3870995199
32.2900736742
31.681509992
32.0813555248
31.4386312864
31.6669624894
32.1936043949
32.9868604068
32.3254795203
32.1315720814
32.6118945073
33.1536232163
32.6650751785
32.0843582651
32.5207948129
32.8024706895
32.4058478001
33.1318029103
32.6282667314
32.5272162312
