2530.08991801
1283.97407749
920.780332484
830.628885934
695.136000925
593.053857809
611.039592355
477.22834809
443.225423785
358.014036088
314.739522608
272.084802018
221.214897475
199.369073999
179.972499952
146.268468999
126.873650671
114.451977286
104.802248556
93.2993129627
90.7942415431
88.6310182816
79.7192826275
83.8406533412
67.4860147209
68.5071967934
69.2999600702
65.1278350006
65.0305152088
66.3089371603
62.6801542597
58.1804023096
60.8900170387
66.6713732575
59.4302925025
59.7387210544
62.8066113752
64.1569383
62.5818779468
61.5127261425
59.7679172127
57.6094826103
57.466509293
52.7001766804
53.3117707519
54.6245782719
57.1027768838
54.419456594
57.1644304201
49.1548121005
49.323381929
53.5942036924
51.4334494809
51.3321101804
53.4239165749
51.5262177638
50.8352336009
52.2331713401
50.8093649521
56.6006906585
57.0989181586
53.0835250216
53.6981311871
52.4141299974
56.1594455252
45.6542931543
50.7254405663
50.6250697038
47.827771444
46.7124338773
44.1483729666
48.776880317
43.2123714987
43.345422346
48.9146294718
44.1128724966
41.5694433704
40.7808670244
46.2887759708
46.2166830372
43.5580001055
43.6894107312
45.0686864117
40.3903803281
39.9937269347
40.9210602965
40.1955871627
41.0829173407
47.1577520929
45.6336099869
40.992043095
42.0104502344
42.4072758321
41.8313188369
39.4492483615
40.3569787074
46.0511577233
42.0559849982
44.631370381
39.8548167946
42.6935238182
45.3324459666
39.4779597627
42.8535930543
39.0479945143
41.6830278664
40.4836051133
48.7321901028
42.4009231397
43.4413527894
42.9448585815
41.7325906193
41.0222518587
39.3881761677
40.5092907851
43.8669115298
44.0119581797
46.4856376104
41.7279516853
42.184867934
44.2752568161
38.2620235867
44.6871705878
37.0305364517
46.2551041752
45.6790655797
43.2237935451
45.8554008685
42.749040172
45.5110979505
43.0575023299
43.7783039514
45.6324659742
38.6432418584
43.218141749
44.4617557582
40.5000794099
43.1595949446
38.9631146279
42.6908756979
37.5144482432
43.3497183253
43.3938013779
40.0959623539
45.8324094645
42.9519682123
45.6540072691
43.1220611527
41.9210590515
43.0115073687
43.3874648899
41.1265832598
41.2105043775
45.1035922065
45.351977191
38.4650123478
41.5904689098
44.8237077835
35.9262794166
42.1926739638
40.3439744146
41.8754611287
45.6944657056
43.8053596134
38.5042392578
40.2302237371
45.7432664461
43.5289479826
39.6804638681
37.5711001576
43.0364432891
41.0387373363
36.9263920105
42.1011624649
47.5759566394
40.7924928016
44.1105353732
43.6929159355
42.6410625512
41.9716940391
44.7586116592
44.7348688971
40.0702623987
41.7901019579
44.5021509757
37.0514540762
43.1826248576
41.144257155
39.3938726146
42.8275285364
44.4188491708
43.9405251578
38.9601391251
44.4210918037
40.9419512262
40.2929907261
38.8580581271
39.9693465969
39.0887136751
40.538457769
35.3838202001
41.8298926504
41.9124716592
41.3333621686
41.6013668931
41.8453217683
40.439299635
42.6090318117
42.0860398601
40.5854194313
39.0842951958
42.3899667952
41.2411977427
41.2980490199
41.1040348123
32.9611748686
41.0877873531
38.3731710346
38.0021290424
40.7898849034
39.9242376621
41.6176170229
42.3434822776
41.2628745028
42.3103580947
47.3813524103
41.8952785484
38.4573059768
40.2538197247
44.2758365497
43.7659356491
45.6611528498
36.3447477235
42.3104742536
38.1510980057
40.1065835804
40.4847227535
40.621344717
37.1790451351
39.6853126658
41.8112836595
37.8003982944
44.9018221115
44.376424232
39.8512710126
42.0349609508
39.7273315591
43.1411516473
37.5757083144
46.9036034813
38.0211018887
36.5088336932
40.728144217
42.3260414257
40.9706166098
37.1362095362
38.9179182331
36.5253171283
38.5443993941
45.7624693497
38.2492341587
39.6726196454
40.7091875435
41.0237160637
41.8544422017
41.4204680217
40.5274183489
41.6912580411
40.0826288808
38.984036121
40.2617615525
48.755894296
39.4602957818
40.4728484257
38.4713568085
35.7180586893
39.4122469804
41.1630962078
41.9371479758
39.6738605315
45.3148146732
36.6590555495
40.5835798097
41.881749318
33.448095557
37.2903640532
35.9798227678
39.2750019366
37.1051939642
36.5413029316
37.7434653602
39.9486626409
36.1844198035
36.5195035076
37.821320447
39.2210222562
42.2602012532
35.406828438
37.8288022555
40.3197690268
38.8119510445
36.2876714802
38.1403571348
42.9223550615
40.5566078775
39.5527682531
37.0112607717
37.6595108429
40.2672566606
40.9905744276
41.0569515023
40.0041543991
37.7830807603
40.3970096636
33.9402693456
40.2167617973
33.2152216599
40.9573662439
39.1680751667
41.1068262878
42.2457521066
38.3762339341
40.0746483267
43.7012141019
35.4425238777
36.3445837779
36.4661720821
40.859819419
42.5603432889
34.789971148
39.338934492
32.0998004165
42.8099897837
41.6812691894
41.1363152659
39.3500909037
36.5127497722
36.2015031686
38.7416134256
41.9171762552
42.3244407734
34.2618756555
38.8251312059
37.7210928865
39.0170853503
38.8464255251
42.7996115732
39.798186203
39.376626478
40.5819659974
37.6190468504
42.5221951887
39.4319152317
41.6310302947
38.5481553145
39.4554524096
39.6720095236
36.7449008475
37.9542984914
35.8724275669
40.560463768
37.0725531765
41.3631151713
40.6693257184
33.724964289
37.6043500766
40.6735162966
37.9755539817
34.9039500891
41.3565332884
