29032.3894659
16419.6739782
11338.5472029
8554.15243926
6724.50080629
5603.79214329
4851.74723725
4155.81229518
3544.57819681
3098.15131555
2735.756454
2401.27738133
2077.24716923
1860.69282444
1678.10254439
1543.38029695
1417.08729556
1309.42440184
1238.3778475
1166.63655066
1108.37289704
1065.33249497
1012.17100814
972.060740627
935.320803319
902.470550055
876.003937663
849.823153153
824.085025371
799.945796563
775.105373311
754.057557574
738.494571781
724.002706265
703.828135425
689.442538004
675.623990711
661.198869024
649.345062371
637.705629643
627.849600974
614.815810635
599.174060518
587.248615797
576.066668632
565.838644633
557.985627042
544.702515585
535.672147069
525.502978764
516.036221183
509.183320284
500.993995081
491.258070819
483.345085521
475.412004636
467.799285111
461.474279692
455.11690706
448.062797484
441.941045257
436.285424476
431.689374298
427.257855046
421.774702624
363.089099799
311.197464637
273.836586657
244.953206338
223.066290307
206.931742017
189.912360333
176.427951804
165.454148277
156.779635314
149.132954226
141.293706898
136.019437424
131.258135874
125.253306417
120.346859402
115.856632927
113.532850146
109.867637689
108.024658266
104.533432366
100.672385085
98.7631615716
96.407461857
94.7335789741
92.2923425037
89.5185006241
87.1669033678
86.4117455189
84.1291297775
82.8454633051
81.160956114
80.398435443
79.5093435053
78.5129474496
77.4181321752
75.7646792953
74.1148999953
73.5732278966
72.3734159644
71.6929532958
70.9989530446
70.4506783022
70.0684238731
69.3439093983
68.4235764916
67.7610660187
66.9219339532
65.7756196572
65.0324286935
64.837683129
64.2883804418
63.4133479785
62.6251908669
62.3752118621
61.6051597573
60.8753342617
61.0680834732
60.5025343492
60.6158854095
60.9333929753
61.1950390609
61.0204392756
59.9171487554
59.579327347
59.8421737666
59.5712276835
59.7709409902
58.1151981957
57.5460801923
57.4588704657
56.9249037315
56.828206254
56.6435791136
56.0424980878
55.2785841423
55.1947690656
55.3079756494
54.9239980032
54.1974493613
54.6172029116
54.7368475938
54.6431176552
53.4374311572
53.2085636406
53.2735235916
52.7863120988
52.7963130026
52.5102970646
52.8280092111
52.2168778488
52.0963916084
51.4405712415
51.6355263361
51.6526507155
51.0083947918
50.7000262468
50.4459781472
50.9928832855
50.4572874093
49.7787281221
49.8572846342
49.2832124446
49.0198525378
48.8441564041
48.8478116574
48.4807497372
48.323857171
48.5320011818
48.7804349448
48.3891842603
48.4233974272
48.3199701145
47.5130667099
47.3191565204
47.1444194975
47.3781604098
48.0463411783
47.199528066
47.4473474495
47.3340033879
47.243913234
47.0577883648
46.4931792584
46.1269890363
45.8928892462
45.9979548688
45.7520091981
45.2679735971
45.4950817381
44.7958326245
45.020592103
45.1917132548
44.3982464753
44.341319717
43.8830391499
43.4412424774
43.4922935815
44.0459205892
43.9682474999
43.7522710711
43.5756765117
43.2518508977
43.1891140173
43.3025387514
43.9542061764
43.8696485458
43.906852718
43.5809300975
43.7192771162
42.6780627506
43.0439182499
42.8607838294
42.5224061266
42.4182178055
42.8091298532
42.3613297212
42.349246706
42.4414553506
42.6021811448
42.733020938
42.5317157377
42.4243430085
42.2170300144
42.4363733101
42.9588567221
42.7465619897
42.0815447425
42.1178720347
41.8350053563
41.9152287818
41.5416999546
41.4744407102
41.3319963533
41.658497023
41.4255913086
41.3096867904
41.3493815579
41.7775393744
41.9728728207
41.2984785533
41.1659193038
41.4588349796
41.4051672081
41.5131285243
40.895926261
40.8115619013
40.2672588286
39.8163994734
40.0165283761
39.9462478739
40.2115396473
40.0498394307
39.769072123
39.1956620062
39.9182951109
40.4798971705
40.7831532241
41.4866165631
41.7395114555
41.6108668356
41.1455801447
40.8562616928
41.1098213674
40.8495322314
41.1821649906
41.475072497
40.7057533425
41.2053500614
41.0251283058
40.7706304051
41.0530413316
40.3505379375
40.730080558
40.1324976587
40.4604594374
39.7642001524
39.5968749104
39.8563854506
39.1153811788
39.152988803
38.716777395
38.6706347953
38.6705597943
38.5968046156
38.7046469795
38.4016512812
38.8372387275
38.6643425672
38.9598452753
38.6212586148
38.0335162943
38.221742889
38.1510362467
38.4025533863
38.2864135562
38.071132721
37.7645986359
38.1553502206
37.98954584
38.281363032
38.1403704632
38.3789363799
38.7070126301
38.1788195606
37.7979547309
38.1076811922
38.0043125597
38.3589564194
38.4682444023
38.3042803965
37.181743061
37.5402566044
37.9338219357
37.4353623626
37.589836856
36.8776936491
37.3154062369
37.4954064471
36.9143894267
37.137642086
36.8915926617
36.962102107
36.9711139424
36.4992533273
36.7226886608
36.3330383846
36.5064674263
36.5500155661
36.4987875979
36.689973248
36.8735442773
37.1118863839
36.9382850151
36.9212016425
37.3133566986
36.7186852707
36.5356016378
36.4937287833
37.1161842968
36.5408177359
37.1573265104
36.6532625364
36.3617234741
36.2050598667
36.302370844
36.2053116426
35.6340042146
35.8073771519
35.4431652358
35.5019498899
35.5606778904
36.1551201041
35.9907034125
35.8432716572
36.2018253454
36.6117351456
36.2313736675
36.0089171904
35.9873217591
36.4410709807
36.1242352283
36.5148714437
36.2722699777
36.0963158968
