31509.8168309
18148.6941367
12619.0362967
9549.53282024
7522.2215205
6276.12645121
5434.61484055
4666.74427946
3990.40146454
3496.58384111
3094.81918967
2720.35433081
2352.47009934
2102.63057555
1889.49440568
1731.3923517
1581.63628487
1454.03895048
1370.08818186
1286.05308274
1217.67305405
1167.69589146
1106.61678832
1060.66264004
1019.23670341
982.456299512
952.947428982
923.978283928
895.656163432
869.197879478
842.208070166
819.577695203
802.795174333
787.021562993
765.294185006
750.044697118
735.568608139
720.314451665
707.657542017
695.238199028
684.772960012
671.069394583
654.482723938
641.999420197
630.281628192
619.452931333
611.105813709
597.161103608
587.559054378
576.891213637
566.965052546
559.697691458
551.030133536
540.780256084
532.293030146
523.851102988
515.799950721
509.079148192
502.195550148
494.630100262
488.020173161
481.89483518
476.824140842
472.002070899
465.993924861
402.397789514
345.337164234
304.103398411
271.997987747
247.617410969
229.39503766
210.615152193
195.615648387
183.290110737
173.437924579
164.822261919
156.067244183
149.99943835
144.554554805
137.929648795
132.363458782
127.361453725
124.466476059
120.402351053
118.155934085
114.298573095
110.118273971
107.838448168
105.151045065
103.16774033
100.463583956
97.4252009161
94.8000044067
93.7554340302
91.3272324148
89.8064058285
87.915999551
86.9097095665
85.86448702
84.7171408799
83.4902215632
81.7264881297
79.9324032746
79.2525923297
77.9319362155
77.1240577798
76.2993552594
75.6269335198
75.0958796947
74.2833522192
73.3008466287
72.5689732287
71.6194545236
70.4084471393
69.5652195317
69.2311603498
68.5940230263
67.6636841553
66.833443401
66.4755194829
65.6360506961
64.839126435
64.926933162
64.317470155
64.3580064175
64.5812087264
64.7940831967
64.5865050309
63.477686669
63.0837417373
63.2721956224
62.9571153141
63.1133337166
61.5061223713
60.8468405762
60.6716519939
60.1200932267
59.950733348
59.7305080297
59.099210157
58.3239646417
58.1871044335
58.2305454545
57.8216556515
57.0942968326
57.4364772995
57.5160624144
57.4119200314
56.2511282895
55.9432100837
55.9474517745
55.4360536759
55.4081090385
55.1137324565
55.375353642
54.776091129
54.6299690329
53.9581616132
54.0918768395
54.0719029901
53.4396474607
53.1080356868
52.8355996096
53.3137532669
52.7852111267
52.1369112255
52.160833558
51.602349236
51.3259817485
51.1124441771
51.0751007889
50.7173796892
50.5176716411
50.6894997209
50.8822018949
50.5156980894
50.5064966938
50.3824389593
49.5625403193
49.3480885344
49.1510040632
49.3370269558
49.9590830511
49.1777939043
49.3664930744
49.2407190248
49.1415423102
48.9519957174
48.410814748
48.0474201893
47.784921311
47.8614661218
47.5952061974
47.1080374985
47.2999685771
46.6202307687
46.788980461
46.924978018
46.1707257917
46.0765800765
45.6252022789
45.1800769678
45.190915889
45.6923224071
45.6192581922
45.389772791
45.2089872691
44.8827154407
44.8008982941
44.8820347065
45.4797810599
45.3910054065
45.4204888927
45.1163701601
45.2275328878
44.2675891865
44.5602615997
44.3673168509
44.0579469153
43.9332955762
44.2775317701
43.8256539777
43.8115912497
43.8705091367
44.0073529139
44.1324116979
43.941703838
43.8536375277
43.6379301569
43.8230963431
44.300509659
44.1040490016
43.487933007
43.505990684
43.2161161719
43.2642642565
42.9115773081
42.8377431277
42.6805278422
42.9645646587
42.7472744551
42.6128972363
42.64802591
43.0163732728
43.2105763489
42.584927176
42.4523733055
42.7025756446
42.6448822537
42.7373432822
42.1565244812
42.0482078805
41.5340198097
41.1037274279
41.2684792423
41.1899801526
41.4407111545
41.2644336913
41.0056404807
40.3935098372
41.0163365262
41.5342016252
41.8230991252
42.4835879627
42.765638324
42.682597262
42.2644252126
41.9593331017
42.1939278228
41.9544846872
42.2614882216
42.5225188292
41.807699657
42.2579508996
42.1156061419
41.8697138811
42.1320906901
41.4650334903
41.7926268432
41.2330706049
41.5312697405
40.9063062804
40.7032076654
40.9281270487
40.2323804852
40.2438766485
39.8198093013
39.7729422541
39.7601349227
39.6779874736
39.7763444322
39.4650326877
39.8477066536
39.6813581946
39.9527041799
39.6366502984
39.0680067871
39.2003965838
39.1474841891
39.3848083349
39.2684687441
39.0821760338
38.7858626939
39.1082176868
38.9756262557
39.2337753014
39.1119812523
39.3075915636
39.6276619318
39.1355054395
38.7908375701
39.0794714698
38.9728485332
39.2769139297
39.3796393387
39.2443074293
38.2163192388
38.4909420856
38.8348604949
38.380787805
38.5126556723
37.8636166226
38.2213889049
38.3874836401
37.8417665067
38.0315137705
37.7828411437
37.8480642039
37.8843669084
37.4273052966
37.6011636388
37.2440281904
37.3987765905
37.4452879414
37.3769196371
37.5603006375
37.7208590326
37.9416594774
37.7827828115
37.7420106582
38.1198618906
37.5768536081
37.4012039303
37.3423403573
37.9148415909
37.3854131212
37.9349294513
37.4875109001
37.2082929287
37.0505725966
37.1368558877
37.0481876086
36.4964770213
36.6369979178
36.3042014745
36.3389861282
36.3598366835
36.9068910883
36.7830333059
36.6478375615
36.973996793
37.360074528
37.0087100521
36.8139950536
36.7547896096
37.1952440196
36.9049191921
37.258150783
37.0456772623
36.8757995141
