18104.6883747
9606.02721691
6478.13622284
4832.8289997
3720.33076537
3008.17828887
2530.48091854
2033.27978443
1641.81123147
1367.81443243
1175.92037398
1031.04152811
903.988062972
828.942474022
768.82461129
723.130245445
679.067893147
639.299261699
612.586470071
582.747330144
558.418553519
538.92883606
514.139894469
495.769649975
475.737635578
457.228044742
441.443218005
425.582914186
411.060054196
397.594232752
382.405030777
368.773448928
359.447910678
352.283110691
340.850521785
331.507414054
322.507988022
313.70692424
307.537727481
301.614836718
296.324210752
288.545376635
279.538953087
272.199037787
265.58911054
260.442677889
256.903063522
249.079779569
244.823202301
239.017210942
233.694645031
230.645975789
226.654354799
221.197398119
217.984568302
214.202301125
210.136802805
207.038025733
204.602090291
201.457406838
199.147933999
196.792489826
195.314881916
193.487862979
191.372159337
163.486828291
140.143694564
124.114379834
113.022897782
103.904942391
98.043017986
89.9969252064
84.3938502271
80.0388498176
77.2807776611
74.4508892668
70.6934286987
69.0088584036
67.631522605
64.6578553856
63.0608438052
60.8611767957
61.2770223242
59.0929279345
59.0512476902
57.4146188185
54.9375293293
54.9883367704
54.2088067205
53.9165387243
52.6051852774
51.3100885306
50.1616258431
50.7649340084
48.8689539947
48.785574462
48.193988317
48.3467161407
48.0976959533
47.673402572
47.2111816919
46.0858225694
45.1655786082
45.1381359211
44.4926103381
44.5244407316
44.2947221389
44.3109706777
44.6504422011
44.1979935165
43.4141932705
43.080710961
42.9312090352
42.0959116032
41.8510024061
42.3687281062
42.2434730469
41.4623641252
40.8716135571
41.1732897529
40.8028757097
40.225034321
40.9673608249
40.4495426725
40.8827173179
41.7069406437
41.9440668696
42.035664131
40.9150973333
40.8542601797
41.3948530923
41.4010969196
41.6771689903
39.5716487399
39.7461399837
40.0820647021
39.4472831271
39.9438007063
39.6549969138
39.2382213076
38.4187851536
38.5995085477
39.1192596837
38.7539470849
37.983626662
38.7880441799
39.1117439036
38.9420065251
37.4350793494
37.7747291493
38.1387273663
37.805290878
37.9181710363
37.4761431246
38.2006226288
37.3821652897
37.4700696959
37.014558374
37.3657192607
37.6574814995
36.8268121788
36.7166752766
36.5725643243
37.5283658357
36.8821487141
35.8331362771
36.4501234918
35.6357080712
35.4234427393
35.5211174339
35.7994130356
35.2805510201
35.3400318397
35.6017568274
36.2377253188
35.6126504985
36.0189203366
36.0742459174
35.3540007829
35.2206480922
35.1043563278
35.5506886628
36.3768820272
35.1451898467
35.7624477696
35.5935782206
35.5748541974
35.4696583937
34.5898564885
34.1724364801
34.1627833098
34.4271647368
34.4198249302
33.9452448718
34.2784896532
33.4634563023
33.9528390524
34.3721876631
33.3103982413
33.5157471842
32.8983493775
32.4616779103
32.842435653
33.6439014935
33.4636588871
33.3789561619
33.0790580687
32.8332586073
32.9514852862
33.1777780568
34.0411081979
34.103777128
34.0511949003
33.5531272798
33.818113802
32.0477577364
33.1185902051
32.8997101524
32.3160713604
32.4065704267
33.1401013532
32.7917503969
32.6338849547
32.9414601262
33.2059397347
33.3873720203
33.0195183925
32.7249732728
32.6601878773
33.0041396706
33.8115639643
33.461707847
32.438376311
32.5901939424
32.4110557823
32.7022020542
32.2283171037
32.1224107784
32.231684149
32.7154314323
32.3885789011
32.3545898284
32.3611409069
33.2179751959
33.2620608108
32.3547018897
32.102750311
32.7699128054
32.6522683515
32.8101648354
31.9391055306
32.0878601134
31.2211472759
30.6781997592
31.1725851793
31.1352768946
31.4580928667
31.4677163842
31.0203248264
31.0132832275
32.1339203022
32.9084215654
33.0347537511
33.967742544
33.7558913548
33.2419575018
32.5404261336
32.5288379853
32.838196048
32.602653324
32.9282721012
33.4990482128
32.3781921374
33.1471476488
32.6448806696
32.2631350132
32.6244197325
31.9700528932
32.7062868676
31.8676775739
32.2966748416
31.1160954396
31.3208110569
31.8372321567
30.9161806404
31.0160470713
30.5101966838
30.4029719906
30.6399445973
30.5165579474
30.5849385964
30.4325746245
31.1994787096
31.026430595
31.3604677259
30.8699783148
30.3050328081
30.8256954712
30.5754102098
30.8369629204
30.9432383842
30.226009538
30.064243332
30.910811059
30.4912148235
30.8651441382
30.4609363225
31.0202544016
31.3452804389
30.7840076021
29.9403237859
30.3809139172
30.3915384525
31.141479498
31.1952031346
30.8344557149
29.1537932791
30.1388624514
30.8899954367
30.0585947466
30.3265034951
29.1484092431
30.248322812
30.4463515309
29.5743074951
29.9949739965
30.0386492348
29.8049668626
29.5874038619
29.1326713366
29.743656478
29.1500641692
29.3738081918
29.4146912726
29.5120543113
29.6867732714
30.0219311478
30.3016122095
30.1261534849
30.3649255657
30.6347291702
29.6021877424
29.4387558267
29.5271577689
30.4144120139
29.6982539092
30.6853557323
29.8144420994
29.4709177072
29.4547165169
29.4144811271
29.3189401068
28.765901158
29.1152923868
28.5563021969
28.7534742902
29.1923027085
29.9057881203
29.3490487244
29.1722252534
29.6033234845
30.087502299
29.6466189633
29.1481238111
29.5093363277
29.7885016057
29.425610544
30.05645778
29.6188842568
29.5108272785
