71780.3926861
54984.4141455
44462.6410527
37124.2351392
31525.6464511
27664.1629565
24772.5039684
22266.1591149
19998.331653
18290.6988373
16900.568071
15603.1393836
14270.0671023
13249.5418321
12294.7824531
11519.2608984
10659.9233103
9826.73290925
9210.33413871
8540.12378946
7902.7859983
7406.53436745
6818.8628654
6321.67134668
5864.65905413
5441.42070681
5079.41478259
4719.53674858
4393.30644903
4106.00181684
3817.49688243
3586.73204163
3405.42543139
3242.3595942
3051.0403906
2916.48065914
2790.15426397
2677.46590135
2572.4995834
2477.89698595
2402.50855312
2314.28771866
2216.42948191
2144.04697735
2079.74715682
2020.52985881
1974.27446475
1910.15461288
1863.89472667
1817.87942246
1776.72800958
1744.98678939
1708.88501254
1670.3713018
1637.88787955
1606.51245406
1578.60801609
1555.53342665
1530.17835313
1504.75029864
1482.51282592
1461.73659768
1443.44892584
1427.73212652
1408.50431221
1233.19786547
1092.72602098
994.186266163
921.12082178
862.100154933
812.514791409
766.023134809
726.991806225
691.447596307
660.924134833
633.739617494
607.257788525
584.548509806
564.257171136
543.898237019
524.191054924
507.156463727
491.714930885
476.722663201
463.919821273
450.655712102
437.407617042
426.052514211
414.673174992
404.469782567
393.987820821
384.245826241
374.167950075
365.745799925
357.297645773
349.463650084
341.446488673
333.99166095
327.309606036
321.049494625
315.115964045
309.116597367
302.92263955
297.667331289
292.201880218
287.298423016
282.408135081
277.838187954
273.469040538
269.035988307
264.84625977
260.98516418
256.887124915
252.779410764
248.887329027
245.17929834
241.63112577
238.012271182
234.788708497
231.630349124
228.44924723
225.109090988
222.440911118
219.571619529
217.208293694
214.949075506
212.895895883
210.84668215
208.263019846
206.009370132
204.156625886
202.064597886
200.419423437
197.86808702
195.574404684
193.546728611
191.482809733
189.638898903
187.779766488
185.798238114
183.790665837
182.099121903
180.525411013
178.765708981
176.957438576
175.650723339
174.311717752
173.039717438
171.213419605
169.477642463
168.060804962
166.419513602
165.090636272
163.660142744
162.539583846
161.09997356
159.91373883
158.417603683
157.246029494
156.06656297
154.674419802
153.384492664
152.193374864
151.322499858
150.189707718
148.956397943
147.981706708
146.809884755
145.787168212
144.774394253
143.836866546
142.888887662
141.833340059
141.015462791
140.197276047
139.296821639
138.462245138
137.678590252
136.376656097
135.354586866
134.413454887
133.579268267
133.114642721
132.17578636
131.521830868
130.771025183
130.056358916
129.326162286
128.413401107
127.620298202
126.794831756
126.141538045
125.361363284
124.440072272
123.870001338
122.967069251
122.305292622
121.691270977
120.795695972
120.074548664
119.156620673
118.233615063
117.570331142
117.155513707
116.613521675
115.936417418
115.277781051
114.55113912
113.937480044
113.370511055
113.071664998
112.553053754
112.128408449
111.611602478
111.211164477
110.41346823
109.998863423
109.419805199
108.840757274
108.335865376
107.972501828
107.316981941
106.829623546
106.344127617
105.958688124
105.639342087
105.184354689
104.836007712
104.397123067
104.042899882
103.871286866
103.473459234
102.926563844
102.575052719
102.05955316
101.624919562
101.127018357
100.693664852
100.263389364
99.9755408203
99.5727797563
99.1411864607
98.8215214812
98.5667468942
98.3747703519
97.90606647
97.530205817
97.3170289037
96.9935936447
96.6713602787
96.1723755306
95.7420259209
95.1895519949
94.6724771242
94.3494921675
93.959681774
93.7425536591
93.3503480006
92.9407537157
92.1123610044
91.6145240057
91.292735466
90.9598231384
90.8576982733
90.7615688073
90.604986138
90.3016388947
89.8942162981
89.710717219
89.4411781313
89.288271712
89.1686091412
88.7095250516
88.6215199524
88.4346589464
88.1298664474
88.0139198004
87.6053606695
87.4339019329
87.0316530297
86.9103831207
86.5474120548
86.178989774
85.9517074603
85.5207323089
85.222188425
84.786327071
84.4692868216
84.2162366794
83.9205596221
83.7158039731
83.3252938091
83.1641495542
82.8883820163
82.7402276983
82.4285366229
81.9329340262
81.594255193
81.335415296
81.2183084558
81.0207997852
80.7880377104
80.5015542422
80.3308720594
80.1576093177
80.0540190342
79.837797908
79.6686915528
79.6174957777
79.3313125097
79.0330179321
78.9610213273
78.7912747522
78.6737222078
78.5652113527
78.424240902
77.9842502269
77.7825983853
77.6510055468
77.3473410776
77.2039838077
76.8308342442
76.6786412543
76.5328436264
76.1707359759
75.9931681717
75.688266143
75.4778560038
75.3581303736
75.0097669277
74.7785771291
74.475798884
74.3267105054
74.2020074957
73.9805753862
73.8863628308
73.7862950361
73.6896224413
73.5293307715
73.3411407369
73.3528929904
73.0525194805
72.8196931369
72.6062094678
72.6217492646
72.3610141237
72.3377811287
72.1126320179
71.8511806789
71.6416612479
71.5068059111
71.3460167552
71.013837012
70.8484710032
70.6381367988
70.4616524486
70.2428559088
70.2474603592
70.1532417437
70.0331451227
70.0009109922
70.0296269464
69.8529884639
69.7004803395
69.4958935335
69.5208092086
69.3635059013
69.3442248434
69.2277581116
69.0595526328
