33946.362044
20283.2325926
14342.1942958
10975.2972165
8726.45140431
7334.50845307
6388.64727694
5515.16141719
4733.44650385
4143.5695248
3637.90017577
3135.33664026
2632.51794358
2276.11628861
1973.8644797
1754.8623246
1557.48479972
1401.31744973
1301.93610803
1206.64548378
1133.03275065
1080.46032145
1019.20649859
974.243122432
934.56575485
900.28775754
873.37972463
847.378712798
821.96404383
798.229880501
774.38192193
754.358802528
739.748550824
726.156345705
707.31767614
694.076090596
681.433636146
668.046333685
657.352754843
646.796277718
637.82510253
625.945903319
611.59403763
600.671446662
590.409688791
581.03612466
573.934851156
561.673694531
553.411997082
543.967755762
535.133678767
528.764130835
521.196772257
512.044966874
504.635460195
497.184892402
489.885899799
483.799351483
477.666388206
470.975363547
465.122676454
459.54342925
454.913036044
450.336029221
444.752378276
381.913660366
321.867803455
278.550665321
246.680247981
223.40202354
206.362358756
188.717980116
174.736937013
163.450080753
154.633344875
146.771716956
138.877080297
133.401449597
128.535185914
122.379378514
117.615452913
112.97871205
110.648130056
106.993360931
105.058485067
101.612459385
97.7847840387
95.8693463885
93.467618856
91.7903334427
89.533813131
86.6090888606
84.4956939565
83.6058298282
81.3185510028
80.0261996933
78.4444846014
77.6029063114
76.6820096896
75.7371109164
74.6179769078
72.9718077325
71.3884243777
70.8998803145
69.6436933068
69.0303872222
68.2920754524
67.8368529816
67.3541188565
66.7555305533
65.7981806994
65.1379628711
64.3399581914
63.1980943189
62.4708728906
62.3308684886
61.7196592755
60.857976991
60.1146082072
59.8765662489
59.0483421529
58.4113204045
58.5406578448
58.0716621336
58.1150357564
58.5094898376
58.6740902681
58.466566357
57.4349504871
57.1100031084
57.3544723732
57.0848154213
57.2085790129
55.7422061814
55.1014079435
55.0696408821
54.5010903131
54.3991578904
54.2129519089
53.6282153951
52.9115682396
52.8135155877
52.9182473073
52.5925997
51.887578922
52.2496276148
52.3489471352
52.2933401047
51.1187150466
50.9019628107
50.9337863574
50.4888432119
50.4997750782
50.2311790146
50.5260605597
49.9480589796
49.7945282147
49.1480556478
49.3681655723
49.4232696637
48.7628163866
48.4313738157
48.1973949493
48.7601454524
48.2268849665
47.5718550161
47.6724005015
47.0879374214
46.9247620082
46.6451374421
46.6357993901
46.3193308355
46.142675009
46.4008578743
46.600702871
46.223272204
46.2520494179
46.170602
45.3499570189
45.2072085597
44.9612911793
45.2666742532
45.8893875543
45.0601645511
45.2998336962
45.1760916174
45.1205331242
44.9534403672
44.3696081093
44.0461035991
43.7939853328
43.9533873041
43.6866835937
43.1993277594
43.4366810799
42.7470279409
42.9664043323
43.1882831784
42.4124732233
42.327556312
41.9411797348
41.4841090276
41.4929697925
42.0204615868
41.9939077992
41.7474773747
41.5745134969
41.2790057306
41.1944144005
41.3427481769
41.9582834968
41.886513802
41.8793586793
41.5703754974
41.6926482658
40.7951045291
41.1108097853
40.8428604306
40.5864473511
40.4036302267
40.9180628049
40.3858193719
40.3705265996
40.5376289615
40.5953604568
40.7641995563
40.5342550176
40.4894012905
40.2244261983
40.4985871879
40.9618961376
40.7287659187
40.1200551107
40.1753178567
39.8657638205
39.9895465545
39.6069560533
39.5633439248
39.4168787272
39.6846157866
39.5190078125
39.3376855814
39.4412591091
39.8286148794
40.0099132314
39.3284220817
39.2465876516
39.4889656112
39.4504209496
39.5990477438
38.9611892006
38.9079443909
38.4380168
37.9505209912
38.1569771109
38.0500575441
38.3563360447
38.1755804961
37.9579449461
37.4025584029
38.1001041196
38.5920983047
38.8670913041
39.5453715871
39.8282004646
39.688338332
39.2483307831
38.9558012765
39.1992778874
38.96445716
39.2705308509
39.5436571494
38.8129783015
39.2776652564
39.1359895694
38.861770517
39.14876839
38.4321514458
38.8272315596
38.2840170715
38.5356903153
37.9712673108
37.7376213713
37.9735917652
37.3122604406
37.3364747862
36.9179408849
36.8499113696
36.8687034821
36.8461962262
36.9721000013
36.6097265763
37.0218304514
36.8787749204
37.1416862006
36.8669880986
36.2717599033
36.4191825102
36.3508102737
36.5898259551
36.4909568143
36.2773853349
36.0216447825
36.3223607566
36.195676819
36.4749310136
36.4188209343
36.5638316726
36.872138277
36.3922974579
36.0059614186
36.3652619458
36.2256701374
36.5322317779
36.6651480139
36.4922559391
35.4868407364
35.7574217029
36.1632496449
35.685297188
35.8213312437
35.1664103985
35.5151595397
35.7232022033
35.1921778104
35.3620741592
35.1480853379
35.1781904716
35.2590261277
34.8142604643
34.9988081001
34.6435943654
34.7770002192
34.8500170623
34.8108731704
34.9915441831
35.1436932768
35.3460280455
35.2245291668
35.1864488303
35.5498205887
34.9939101889
34.8192404391
34.7890564358
35.3674209402
34.832320549
35.3806859485
34.9250982015
34.6377416832
34.4736056232
34.5826764664
34.5285753982
33.9721037951
34.1311570446
33.7864679005
33.8326988152
33.8653874257
34.421478487
34.2775992221
34.1449150231
34.4839630526
34.8789781805
34.4894355814
34.3127808715
34.2622297558
34.7277837294
34.3798439328
34.7610801044
34.5581771809
34.3814470954
