15785.7970152
8108.21746145
5465.2929355
4115.99646866
3230.4297761
2691.6188337
2352.26087102
1988.31633706
1689.6548044
1467.69294623
1295.21604515
1149.48639108
1012.6126288
927.419946032
856.720458584
802.186904643
750.204264794
703.651752157
672.072456502
637.237479921
608.943776792
586.396751942
558.266566273
537.041399772
514.380404214
493.623076238
476.125416888
458.794447611
442.844792323
427.969410153
411.491754513
396.688233346
386.702236034
379.17061702
367.078558464
357.223433269
347.73053993
338.36057883
332.042842851
325.885323553
320.312245836
312.060271594
302.470056657
294.673945578
287.666702904
282.280800295
278.552200151
270.193561569
265.681782188
259.472368622
253.773996128
250.547066744
246.253928013
240.380898294
236.969819812
232.910866231
228.542956607
225.211035957
222.609692174
219.221224719
216.739866382
214.216435477
212.647712315
210.687409409
208.43816981
178.336742649
153.095434817
135.753026997
123.749506887
113.859432038
107.51246751
98.748308171
92.6475627868
87.9095799459
84.9172855384
81.8369095732
77.7340025761
75.9043094049
74.410817935
71.1571590578
69.4191688122
67.0111784988
67.4837848972
65.091105259
65.0559360162
63.2641738641
60.5439397428
60.6095478918
59.758866377
59.4447621337
58.0078872662
56.5846342708
55.3262432484
55.9977244541
53.9113904624
53.8250060582
53.1781888728
53.3521353437
53.08176686
52.618067231
52.1112865722
50.8721743733
49.8599691482
49.8334794701
49.1234606991
49.1623052107
48.9114912219
48.932831796
49.3104652619
48.8143538876
47.9510074262
47.5847728625
47.4220471092
46.501621972
46.2329829741
46.8081188291
46.671081233
45.8104435993
45.1594114106
45.4950335758
45.0863274094
44.4506825019
45.2723834547
44.7022155918
45.1819846068
46.0955061222
46.358677726
46.461489994
45.224041498
45.1584708235
45.7568994677
45.7652067101
46.0714368522
43.7459537818
43.9394349226
44.3123993385
43.6114927879
44.1611899379
43.8425203986
43.3826730393
42.4777868275
42.6786148022
43.2537841477
42.851357134
42.0000306301
42.8900504332
43.248794403
43.0624762895
41.3964235163
41.7729501261
42.1761117491
41.8083096606
41.9336611045
41.4457419484
42.2477274249
41.3434880518
41.4408883551
40.9376322074
41.3268816419
41.6502878475
40.7316904374
40.6104602858
40.4516175656
41.5095162189
40.7953214601
39.63515519
40.3185851049
39.4176607968
39.1838742677
39.2917964856
39.6004234825
39.0270046202
39.0934051862
39.3833749447
40.0873724949
39.39619701
39.8462142307
39.9079237932
39.1112025547
38.9642425548
38.8354872294
39.3305009106
40.2448632152
38.8823433106
39.5653682407
39.3790249661
39.3587958146
39.2428993946
38.2693399249
37.8082881743
37.7977296282
38.0906563854
38.0828757182
37.5578001572
37.9270179716
37.0254423392
37.5670463376
38.0316653967
36.8572793343
37.0842636556
36.401853703
35.9186796026
36.3401597757
37.2272147832
37.0280634389
36.9344688295
36.6028811739
36.3311581702
36.4620839473
36.7129384718
37.6688422287
37.7383016026
37.6801061108
37.1291253651
37.4226354236
35.4645977863
36.6494624039
36.4069105082
35.761567379
35.8612421606
36.6741926286
36.288183427
36.1137136231
36.4548432774
36.7470014545
36.9486137824
36.5413687369
36.2162290202
36.1437262447
36.5252793173
37.4189193225
37.0318358268
35.8992702026
36.0678312034
35.8694670207
36.1922756214
35.6676337735
35.5506097472
35.6717177298
36.2070751569
35.8457808086
35.8079047572
35.8159029187
36.7645053761
36.8132246148
35.8084981556
35.529890617
36.268230827
36.13843205
36.3137617044
35.3494145137
35.5145421277
34.5554054289
33.9540847481
34.5016708874
34.4602459243
34.8180227469
34.8288512777
34.3339150672
34.3267931857
35.5671275305
36.4242763573
36.5641810807
37.5970947974
37.3629936222
36.7942432226
36.0177198832
36.0050368921
36.3476193844
36.0869762707
36.4477828359
37.0795477366
35.8390148566
36.6902052181
36.1344374369
35.7117881393
36.1122582237
35.387462431
36.2028660514
35.274679787
35.7491248282
34.4429574624
34.6693296196
35.2412608915
34.2220313645
34.332536644
33.7728222816
33.6541675503
33.9165325055
33.7801961552
33.8563536782
33.6873523836
34.5362258268
34.3449828695
34.7149146855
34.1724385906
33.5463523354
34.1228305241
33.8460311274
34.1357248009
34.2534333751
33.4596508051
33.2806929575
34.2174928002
33.7532596327
34.167335402
33.7203085535
34.3392347324
34.699125514
34.0780806471
33.1440592615
33.6320035553
33.6437093972
34.473819331
34.5338244659
34.1343038573
32.2741678238
33.3642762381
34.1963051866
33.2758341834
33.5724682835
32.2683682535
33.4859591397
33.7054786028
32.7401564548
33.2055882622
33.2541587816
32.9950654223
32.7548113503
32.251744122
32.9280799032
32.2710406873
32.5184443321
32.5638585398
32.6718044395
32.8656134783
33.2361990314
33.5461045449
33.3521118944
33.6163371357
33.9150702542
32.7722262037
32.5913276339
32.6892250955
33.6716940862
32.8786075846
33.9714079797
33.0075192341
32.627203681
32.609119367
32.5647316902
32.4594226285
31.8470578871
32.233972373
31.6151005506
31.8332944426
32.3190633325
33.1090915975
32.4927592423
32.2970707536
32.7746022531
33.3105038659
32.8223033619
32.2706377992
32.670154165
32.9799486211
32.5777032657
33.2762017874
32.7919590608
32.6723773244
