42280.4294983
26322.0339617
18938.3816478
14602.1005386
11652.470756
9799.78237889
8515.82479791
7388.07687238
6390.62945195
5662.6091059
5070.82620581
4510.38511552
3935.93723906
3522.36498817
3150.89956323
2864.48162828
2577.66927868
2326.34497821
2158.64616288
1992.6940007
1854.4417578
1755.3901896
1638.7690495
1550.47573215
1474.06763533
1407.13639073
1353.83244531
1302.47885632
1254.36382969
1210.76387297
1167.45363552
1132.509359
1106.45997291
1081.94264964
1049.80335012
1028.18466985
1008.5587589
987.80240946
970.091097607
953.043668614
938.962415616
921.209718303
899.417892694
883.774987669
869.148807867
855.345549522
844.746168993
827.627271543
815.455411138
802.563543099
790.648981124
781.780893029
771.336027054
759.079467569
748.373123544
738.065519742
728.374938442
720.292340293
711.623427821
702.306199308
694.072250468
686.310533677
679.626587739
673.513196184
665.763770647
585.503199453
509.224157766
451.708451598
406.023107517
370.490293156
342.692446574
315.765900712
293.846152439
275.193471589
259.806328345
246.561583761
233.352181033
223.342949637
214.515910182
204.797463106
196.039079597
188.429144563
182.795100979
176.559578645
172.219027618
166.5075872
160.598917239
156.505447097
152.133029332
148.576599105
144.460835305
140.1398289
136.091526422
133.628303715
130.262239294
127.573407936
124.61694262
122.393083767
120.444421412
118.461912279
116.511560959
114.113030692
111.581424284
110.133047716
108.159415399
106.694575822
105.196300316
103.879744565
102.650818911
101.301527486
99.8867463585
98.7275274762
97.2680148707
95.6639386815
94.3268592203
93.3631624992
92.2601813801
90.9544602451
89.8336558217
88.9847054412
87.7892723128
86.6023297206
86.1980581689
85.3001424432
84.9554701991
84.7474633265
84.6439554865
84.2373140838
83.0301864981
82.3480803146
82.1855268815
81.632760258
81.5395213309
80.0045867084
79.0098872614
78.4563444236
77.7217267468
77.2453121796
76.7848293018
75.9738998013
75.0735115992
74.6743535154
74.4141004084
73.8300225899
73.0120037439
73.0296670774
72.8924250466
72.6729091166
71.5918699159
70.984898272
70.7208861769
70.0672490072
69.8431044997
69.4131571636
69.4312990935
68.8029758982
68.5265793154
67.7794443276
67.6382674443
67.4360079271
66.7757764756
66.3195082542
65.9421326227
66.1494988548
65.6151100011
64.9888849375
64.8169323435
64.252286456
63.8995224917
63.5440426903
63.3340766077
62.9524472503
62.579394906
62.5684554453
62.5394969302
62.187695285
62.0212996645
61.8021476171
60.9216804028
60.5836810603
60.2733344966
60.2425599466
60.6488358089
60.0409874936
60.0244023963
59.8154666194
59.6483229759
59.4194521531
58.907442494
58.5243864125
58.1569111301
58.0995087659
57.7581338215
57.2352625315
57.2684706338
56.6318089878
56.5818270747
56.564679172
55.901517475
55.6655949311
55.1926373994
54.6948152811
54.5618837828
54.8503052058
54.752306714
54.4618142632
54.2228467945
53.8684020241
53.7043589629
53.6518613974
54.027570872
53.9087223418
53.8832363435
53.6264457407
53.6331664202
52.8876806907
52.9560221013
52.6989953558
52.4366104803
52.2377479458
52.4119997153
51.949281636
51.876022606
51.8135672704
51.8429493764
51.9249079864
51.7391818193
51.6812317963
51.4483083577
51.4954756687
51.8064561525
51.6375615529
51.158001546
51.1041293221
50.7890142531
50.7136593106
50.4082955094
50.2874277342
50.0932113963
50.2175288009
50.0310918984
49.8277585154
49.8194725672
49.9923801389
50.1404684161
49.6700799832
49.5096083698
49.6235958356
49.5330057909
49.5420934711
49.0684331238
48.8778943186
48.4321402124
48.0455230423
48.0848066163
47.9580802635
48.1290846172
47.919172541
47.7038512243
47.0164688974
47.2677091828
47.5929901557
47.7691220507
48.2577782144
48.5613095993
48.5884809677
48.3216943664
48.0013205298
48.1494220646
47.9858365809
48.1797508499
48.3445268819
47.8035876319
48.0798176347
48.0257280494
47.7974942397
47.9728562007
47.4544917972
47.6093010901
47.1657856713
47.3430683722
46.9254944717
46.6455773351
46.7370357425
46.2110707855
46.1199742159
45.7332131343
45.6424726003
45.5939102274
45.4729214081
45.5136465286
45.1917132704
45.3916477545
45.243641047
45.4021745692
45.1554691191
44.6481241239
44.6008488019
44.5608371802
44.7255737331
44.6319264714
44.4910619899
44.2448382476
44.3587740732
44.2987352503
44.4381779349
44.344240629
44.4059284087
44.6595934417
44.3077141599
44.0411953205
44.2439515604
44.1423826674
44.2861880277
44.3528784478
44.2851045503
43.5637476492
43.6024186731
43.7771661172
43.4496687594
43.5005875975
43.0297383392
43.1571879386
43.2516764273
42.8181034013
42.8802112156
42.6455312265
42.6447788859
42.719486062
42.3338255012
42.3513393695
42.0893239174
42.1652636906
42.2078186499
42.0962972448
42.2269510531
42.3166070709
42.4573252811
42.352828886
42.2540038118
42.5417164826
42.1493786836
41.9887436621
41.8812412591
42.2669860145
41.900598532
42.2227794641
41.9431203228
41.7032700493
41.5551527894
41.5840809328
41.5173544908
41.0607502274
41.0856768575
40.8512046184
40.8089400325
40.7298755909
41.0898944168
41.0602682783
40.9673957823
41.1653293083
41.4489540787
41.2061337824
41.0751881833
40.9281245392
41.2640290361
41.069377078
41.2926377275
41.1713918652
41.023546259
