18884.9260541
9912.45595353
6701.27738545
5032.58241212
3943.51307272
3280.69189342
2852.90389991
2417.93419193
2050.83010939
1781.2908108
1568.5989939
1384.97394805
1214.05920247
1106.30104896
1017.42981171
950.568292864
887.999200053
832.597191673
795.041824124
754.742666244
721.93340565
696.25861907
663.800068028
639.151801105
614.245607333
591.378594615
572.402189352
553.33988237
535.156556055
518.153019874
499.733860479
483.399267946
471.857205575
462.277754623
447.926550771
436.684369782
425.697733803
414.705127724
406.5816182
398.681918522
391.727055658
381.992444414
370.648235817
361.572346516
353.251390256
346.38881836
341.415458148
331.657128132
325.798081196
318.504358423
311.753434869
307.508158232
302.189316739
295.313272438
290.650021068
285.604750313
280.444877291
276.38144145
272.880269158
268.560435433
265.115803993
261.865198024
259.620681219
257.120850665
254.146989399
217.487650221
186.343107715
164.401353117
148.602474993
136.175453728
127.783301693
117.2874734
109.589401223
103.569180175
99.3096907832
95.250810251
90.5016076357
87.9837148456
85.7522150608
81.9415404235
79.507251482
76.7158925257
76.5695314524
74.0313819378
73.6077388427
71.4436834927
68.5470132802
68.1184617143
66.9479780258
66.3660913707
64.7590315619
63.0195231733
61.5635200897
61.9159890386
59.8871587504
59.5176773473
58.6118251217
58.6581364905
58.2564348375
57.7184540812
57.0811147601
55.770012596
54.6336492447
54.5130775291
53.7180770659
53.5581228437
53.2701548841
53.1636632192
53.3716550934
52.8578016028
52.0245631958
51.5841605381
51.2424071142
50.2803668964
49.9164735427
50.3053513611
50.0663773822
49.2585096133
48.5821110322
48.7839592235
48.2793813473
47.68488629
48.3337435562
47.8252013074
48.1998594054
48.9464572915
49.2660338229
49.2637740335
48.0991441484
47.9648153173
48.506059785
48.4215829047
48.7343505292
46.6639742951
46.6055799033
46.8805930264
46.2688883064
46.5902792019
46.386035046
45.8870038816
45.065741803
45.1901409038
45.628633706
45.2635687212
44.4564648287
45.2314456711
45.5102401748
45.3788778339
43.8580271092
44.0555885958
44.3798012054
43.9791982154
44.1003046203
43.7028887009
44.337016964
43.5616459052
43.5804346706
43.0243679121
43.4089509903
43.6164280058
42.8080208228
42.617347962
42.4364150523
43.3403708974
42.712797165
41.7274739346
42.1814463672
41.418158348
41.1891350668
41.216301291
41.4237378908
40.9315017952
40.9568217519
41.2544797343
41.8026980022
41.2102898706
41.517868345
41.5228879454
40.7467919652
40.5975168561
40.4828771234
40.9099256282
41.7643349397
40.5428764359
41.1068657553
40.9761119099
40.9230308595
40.7685775755
39.9631599733
39.5382456327
39.4602853046
39.6926081318
39.5950242649
39.097198662
39.4438156242
38.609387618
39.0802982235
39.4413687153
38.3869069557
38.5297763355
37.9505320106
37.4806275802
37.7795863764
38.5734843489
38.4198245064
38.2806880794
38.0345046136
37.7335619264
37.7929520253
38.0299240285
38.9104937207
38.8980644072
38.9074504753
38.4287603383
38.6887182898
37.0623181266
37.9445709552
37.7432352024
37.1940297828
37.2211345675
37.8921794974
37.4848114489
37.3884372157
37.6587221471
37.9149328546
38.0831947827
37.759945138
37.5064271314
37.3848844758
37.7376338887
38.5117021136
38.1827589364
37.2029113
37.3320142005
37.1023844836
37.3489943191
36.8618590779
36.7792792713
36.791893585
37.2946978641
36.9637305266
36.9210291841
36.9438313474
37.7324472994
37.8501546772
36.9288993814
36.7192950226
37.2985036487
37.2141963019
37.3708990523
36.5256926561
36.5991095409
35.8027643305
35.2291932899
35.6547246276
35.6084018635
35.9358376238
35.8916113084
35.4624733098
35.2408409384
36.3837151328
37.1502279858
37.38962396
38.3184986878
38.2709272051
37.8425194357
37.1453902065
37.0270633054
37.3526501003
37.048732249
37.4416749547
37.9534049853
36.8617355795
37.6145324724
37.1788813681
36.8277931326
37.1985613395
36.4258101428
37.1046281483
36.2783158375
36.7268225125
35.6036962998
35.7045282721
36.1636353791
35.2257798953
35.3367902286
34.8211739376
34.7242258668
34.8748201328
34.7894780714
34.8989185218
34.6786880438
35.4046751127
35.2094977466
35.5748557371
35.0992021144
34.4479968738
34.9357019492
34.7157674996
35.0036923698
35.0050597415
34.4557492424
34.1928306528
34.9743957701
34.594292489
35.0132010655
34.6808494736
35.1800597763
35.523408246
34.8910948096
34.1752514048
34.603407375
34.567743948
35.2348532053
35.3338625771
34.9955556194
33.3558019445
34.2258649523
34.9105582727
34.1314111922
34.390359253
33.2748030298
34.2351680644
34.4564596319
33.6326026232
34.0190229288
33.9219465411
33.841408035
33.6589090055
33.1607550392
33.6871296769
33.1145471884
33.3511201339
33.3833254561
33.4463963414
33.6447643767
33.9642774468
34.261987224
34.0543266947
34.2147553888
34.5793782049
33.6319449109
33.4262632881
33.4886246382
34.3647851339
33.6075143289
34.5702950219
33.7398974292
33.3819694471
33.2973497252
33.3522893644
33.2309931028
32.6125957346
32.9448319919
32.407397321
32.5853717165
32.9222762572
33.6865315328
33.2278078688
33.0350954801
33.4987380006
34.0056367662
33.527080394
33.0872910909
33.3459044412
33.7415254239
33.3365235689
33.9364466819
33.5250461765
33.3588089372
