42345.4121082
26374.6762572
18980.4764919
14636.5113685
11681.0561614
9824.42075094
8537.52776738
7407.36482923
6407.7658309
5678.16566849
5085.11431608
4523.46742755
3947.69675665
3533.05785563
3160.53402525
2873.22722163
2585.42593669
2333.17012936
2164.81875202
1998.21438909
1859.391961
1759.93311558
1642.8518656
1554.1997594
1477.49001419
1410.29462644
1356.77963973
1305.22436705
1256.93200344
1213.17950658
1169.7218504
1134.66443028
1108.52945361
1083.93405451
1051.70285979
1030.02479525
1010.34799403
989.542343961
971.785919664
954.698195603
940.585549499
922.796996424
900.962613628
885.292601347
870.642184553
856.815522567
846.199059636
829.055744244
816.865315834
803.957053932
792.028084655
783.149176164
772.692559975
760.422790653
749.702631706
739.383505011
729.682682412
721.592115359
712.913161774
703.586213908
695.343561551
687.572730558
680.88013659
674.75989488
667.00149865
586.656397499
510.280840542
452.676181095
406.914174647
371.31435495
343.457494301
316.480331917
294.517637989
275.825043535
260.402835437
247.128263842
233.89014532
223.854974428
215.005518932
205.266499229
196.487165174
188.859721839
183.207709364
176.957122647
172.602177642
166.878118742
160.957397392
156.851748218
152.467842393
148.90066828
144.775017974
140.445429244
136.387379959
133.914634363
130.541479568
127.844773179
124.880871725
122.648840172
120.693544284
118.705043725
116.749462039
114.346246295
111.809528259
110.355671848
108.377354739
106.907864997
105.404921784
104.083871253
102.850359057
101.497054648
100.078885214
98.9163902213
97.4534405979
95.8463782728
94.5059130869
93.5381589465
92.4319053307
91.1232869026
90.0001326508
89.1479788338
87.9500500048
86.7602832893
86.3527507986
85.4525828031
85.1052203606
84.8943823486
84.7884769128
84.3802236482
83.1720824821
82.4879818417
82.3231153258
81.7686116422
81.6735384711
80.1384314048
79.1418220786
78.5859634009
77.8498112042
77.3714397104
76.9091540957
76.0968702651
75.1953652381
74.7944275149
74.5322601129
73.9468114296
73.1278470228
73.1435074429
73.0047210621
72.7841649319
71.7030865513
71.0943853879
70.8286738172
70.1739515496
69.9484445051
69.5172997716
69.5338571729
68.9049862368
68.6276171402
67.8798935719
67.7370298845
67.5335095035
66.8727650963
66.4155709331
66.0373780643
66.2431325219
65.7085102463
65.0820159542
64.908935894
64.3439489353
63.9905913129
63.6342878633
63.4232685465
63.041223206
62.6671483092
62.6550129077
62.6247585219
62.2726489673
62.1053388782
61.8855410944
61.0046750776
60.6657751214
60.3546510771
60.3225197083
60.7273979164
60.1200890518
60.1024179709
59.8928668257
59.7251628094
59.4958891451
58.9837736935
58.6004520109
58.2323819057
58.1741088033
57.83226429
57.3090587463
57.3412898236
56.7047059913
56.6535026036
56.6353873383
55.9724590769
55.7357156623
55.2624102168
54.7641101188
54.6303571594
54.9175269889
54.8191831487
54.5282807205
54.2888200677
53.9340870781
53.7694865676
53.7161899467
54.0906106444
53.9714616932
53.9455480074
53.6888377078
53.6949648177
52.9502774565
53.0175451072
52.7600703254
52.497647023
52.2983572608
52.4716542415
52.0088572922
51.9350561143
51.8719172393
51.9006319384
51.9822054287
51.7963585798
51.7383600816
51.5053537353
51.5517464214
51.8618060518
51.6929002401
51.2138606547
51.1595659639
50.8442912233
50.7682444182
50.4629584385
50.3417281958
50.1473162744
50.2707767348
50.0843585746
49.8806547739
49.8720141203
50.0439477544
50.1916174978
49.7219008294
49.5611881477
49.6745024392
49.5836647045
49.5921938354
49.118974926
48.9279983379
48.4824341886
48.0958987123
48.1344877011
48.0074121946
48.1778429736
47.9677900842
47.752510082
47.0649344234
47.3142367718
47.6383215899
47.8136283662
48.301257319
48.6045481036
48.6320283268
48.3658890158
48.0455583003
48.1931161303
48.0298597134
48.2231145959
48.3874256229
47.8472884461
48.1226332145
48.0687801795
47.8406009166
48.0154326095
47.49784471
47.6518012084
47.2087945976
47.3853932267
46.9686546331
46.6885292111
46.7792387035
46.2541097351
46.1624880411
45.7758872852
45.6847601729
45.6359773338
45.5147612971
45.5550820639
45.2331471282
45.4321501025
45.2841802085
45.4420325938
45.1956102622
44.6885359567
44.6404095837
44.6002341462
44.7644954795
44.6709711559
44.5301649117
44.2841875826
44.3972008817
44.3373187363
44.4761702977
44.3822203512
44.4432863244
44.6964266944
44.3452359675
44.0789510163
44.2811902827
44.1796760264
44.3227248977
44.3891789607
44.3215912774
43.6016424497
43.6393633718
43.8132639397
43.4862676273
43.5367692088
43.0666459324
43.1931159774
43.2871325709
42.8540839129
42.9155176292
42.6809167277
42.6796974767
42.7543357479
42.3690681206
42.3858460431
42.1241915176
42.1996753454
42.2421173627
42.1304334078
42.2607053948
42.3500196147
42.4902521601
42.3859901148
42.2869648749
42.5740827088
42.1823896858
42.0217658047
41.9140535226
42.2987949412
41.9331741232
42.2542456858
41.9752727063
41.7355936632
41.5875299309
41.6161213149
41.5494388474
41.0934012733
41.117754947
40.8837046456
40.8410850081
40.7616219698
41.1206392864
41.0912848783
40.9985967817
41.1958573624
41.4788842884
41.2365899745
41.1058453569
40.9585048865
41.2936707603
41.0994627829
41.3220602967
41.2011885455
41.0534316474
