9184.34026459
4537.83121015
3074.79169108
2370.47251183
1889.04735701
1593.96689038
1432.54610901
1201.71562108
1032.99299602
893.081620635
791.040200165
705.790835574
619.715768697
568.631624812
524.953690969
487.766036488
451.499609414
418.805707226
397.480182841
371.903143209
351.908414464
335.797150941
317.733120468
304.652045945
286.793427247
272.020784318
259.806816726
248.673409949
240.52584246
232.675913105
222.604972389
213.23120257
208.875188504
207.664627314
201.379765407
195.398459474
190.364977594
185.584735429
183.449614678
181.147986999
178.800281791
173.431749961
167.759728237
162.494583625
158.352039866
156.154134338
155.224130254
149.731970645
148.413879297
144.005723793
140.56382963
139.6653438
137.504039991
133.845327851
133.364834594
131.023528578
128.071266856
126.205875455
125.447430984
124.288834338
124.049611697
122.790378049
122.415770442
121.350037851
120.48393203
103.94440319
90.2546725569
82.589606497
77.7220159382
72.570349946
70.2568436823
64.6260734199
61.4616377126
59.0959237311
59.0422802366
57.749760538
54.3005880741
53.7626206317
53.8628867815
51.5599992311
51.1765414702
49.5245641296
51.1331322504
48.6244774762
49.3976402633
48.427081102
45.8933193602
47.2697868994
47.0610203786
47.1529987008
45.847680992
45.142684912
44.2157177842
45.4104414496
43.0288806351
43.5291442905
43.791937243
43.5540240939
43.7715713573
43.2460114131
43.1046930641
41.871823251
41.0062423125
41.2811650166
40.5712273117
41.320435605
40.6915179982
41.1961392045
41.7539754835
41.312984311
40.3730352904
40.2701930572
40.5955739095
39.757335607
39.4747946825
40.4811135964
40.7264930774
39.6065973178
38.8953184889
39.4626004986
39.4873880562
38.3441731457
39.766440811
38.662322235
39.7629658425
41.1009661468
40.9766913917
41.5341524346
39.9244625295
40.2003234202
40.6346079233
41.1717531285
41.1654026268
37.8122216905
39.0385841172
39.5021011093
38.3985742249
39.9499778193
38.9562872363
38.6825509074
37.2409711743
37.800013791
38.8431077496
38.1759490833
37.3217262274
38.4029589747
39.1366063755
38.6523263727
36.6368405222
37.4592086182
37.9742083907
37.7462499037
37.7366274325
37.0445408898
38.5223501782
36.8153971587
37.3757563006
37.0508493497
37.1651688164
38.1752847396
36.7905262893
37.0241217341
36.881559601
38.4306672194
37.0618966295
35.4869280549
37.2329606749
35.5751840578
35.2405591003
35.4893711221
36.3333042629
35.3962012405
35.3597962702
35.6358419984
37.0805522939
35.9903170181
37.0025217407
37.3176495273
36.2034430895
36.1398520368
35.7486061244
36.4727701955
37.4806428544
35.8926527659
36.8585724058
36.2306259013
36.4329424858
36.6208073584
34.9192731151
34.480982082
34.555287877
35.1674470607
35.451735554
34.7263783819
35.1244016182
34.0179201818
34.6786757311
35.490686215
33.9821799298
34.4937644846
33.1663051345
32.8707617325
33.6991523903
34.9087444743
34.5765567814
34.7075793219
33.8056597585
33.7633168264
34.2122395851
34.2113999772
35.4400105763
36.0048352608
35.4269325405
34.7116535474
35.0201057277
31.6042099542
34.175895039
33.7432315978
32.8358758442
33.264808604
34.5752715013
34.2419147893
33.7236050288
34.261926599
34.7400715481
35.1187942516
34.3096606375
33.787566737
33.7940193751
34.1920011452
35.5191764606
35.000715488
33.3063969074
33.6501431646
33.4627414612
34.1016246575
33.4908376057
33.2351762732
33.8079727165
34.1871503614
33.9263932582
33.7379655921
33.8211691263
35.0966143403
34.8647738397
33.7694898289
33.2366390205
34.59250049
34.1391540342
34.4622863633
32.9407474991
33.5125421513
31.905488995
31.4704244646
32.5114127271
32.3950874556
32.8778449209
32.9346428805
32.3134508006
33.1345627334
34.3062962365
35.572441128
35.1291902676
36.6098350269
35.6259265534
34.6601359525
33.6571250628
34.0532501723
34.352690863
34.5999896575
34.5157383096
35.6485706952
33.9169052731
35.0447068313
34.1113207204
33.3875931417
33.8248494088
33.5866296286
34.8371871795
33.6078112788
34.0548546741
32.3485893197
32.7485930301
33.8840377709
32.3846406415
32.5807029372
31.7608075981
31.7633592272
32.4418979555
31.941861549
31.7588589804
31.7792608552
32.9231026913
32.8253310252
33.1727321104
32.5023969451
32.2326150787
32.6238720853
32.3870372065
32.7751363997
33.3397452752
31.5034203255
31.7343199644
33.1281600109
32.4900927485
32.5532475506
31.857944793
32.7375363394
33.2791125449
32.8524272134
31.1023730081
31.786210037
31.9166419455
33.5139729697
33.071445356
32.7121022848
30.1429913646
31.8986429209
33.2763488508
31.7935763635
32.2877387781
30.354512658
32.4598950784
32.4900617269
31.0021808151
31.8754348868
32.5532123363
31.3758257006
31.3343039087
30.5475286323
31.8598195258
30.7174088536
31.1579035737
31.3381518122
31.4556138719
31.6511087709
32.0802259259
32.384097984
32.2771102264
33.0722792841
32.9749144887
31.0391377804
31.2223793902
31.2272517653
32.5616647572
31.7663427566
33.2289250442
31.9444885102
31.6012473465
31.8300573793
31.0716803995
31.206627739
30.6679564146
31.1672293963
30.1499615682
30.5476375765
31.4744808413
32.2710572677
31.0051455235
30.9511640786
31.5305441839
32.0239187947
31.5379558202
30.7390172836
31.4748185377
31.354885898
31.1693794145
32.215480185
31.5149438015
31.8173933849
