22572.6631247
12170.7085679
8278.04227682
6215.35384194
4870.48234186
4051.17703837
3512.5484278
2988.1389044
2535.78891274
2205.05485756
1940.36862839
1705.39852252
1485.2597104
1343.90543437
1227.19355448
1140.86029835
1060.86773779
991.32191685
944.608879633
895.793152453
856.094453593
825.697799309
787.311912112
758.121320683
729.909347512
704.185506705
683.142550589
661.986325077
641.338956819
621.961392751
601.43760939
583.544795251
570.566509983
559.099670715
542.555366959
530.1058737
517.8984999
505.503586561
495.78182931
486.278114854
478.074031956
466.909087744
453.808322697
443.480031534
433.879974151
425.517315793
419.261152369
408.000099523
400.758932599
392.219892079
384.288530497
378.90287453
372.374831037
364.324329073
358.290715851
352.062463049
345.91475043
340.945286017
336.329169641
330.927524636
326.405787733
322.239608756
319.122665073
315.916037395
312.025719618
267.386846985
228.91771557
201.441106484
180.950796201
165.261862533
154.230801639
141.506392089
131.793112046
124.09577227
118.299561912
113.005146084
107.279993755
103.852660375
100.737191505
96.1929328612
92.897842027
89.5676339853
88.6562766458
85.8141636256
84.9093326171
82.2889176551
79.1086035941
78.1332020645
76.5604021803
75.6146628176
73.7508969839
71.639163997
69.9013484759
69.8613934839
67.8121159003
67.1144063363
65.9274184765
65.7264096014
65.1691087076
64.4968750714
63.7041730282
62.2871078151
60.9793490666
60.731034999
59.8063224089
59.447418114
59.045353649
58.7881201851
58.7846641094
58.2231960616
57.391268149
56.8749261396
56.3394292751
55.3229595594
54.8274052885
55.0002511268
54.6531411738
53.8558316321
53.146268579
53.1823520181
52.5810490107
51.9717638919
52.4434947564
51.9452463735
52.2257641001
52.8018093854
53.1337798536
53.0511611029
51.9299694518
51.7243887133
52.1722323821
52.0120539152
52.2993134758
50.4334873683
50.1518070679
50.2972129101
49.7467640355
49.879022558
49.7260645133
49.1906375428
48.4161057809
48.463753374
48.7713830258
48.4183289215
47.6553571311
48.2942146291
48.5093961098
48.4100835368
47.03064804
47.0487726755
47.276746372
46.8446735986
46.9370467321
46.611779566
47.1037011352
46.4174906953
46.3735610556
45.7715202052
46.1068565365
46.2284726775
45.5067726185
45.2629100556
45.0548077802
45.8098216547
45.2342696202
44.4026447042
44.676457768
44.013782232
43.7773715263
43.7200125147
43.8415050732
43.4143879861
43.374998742
43.6560403233
44.0734775282
43.5736221562
43.7567160098
43.7140892334
42.9352402448
42.7775867472
42.6511519006
43.0067359759
43.7927742501
42.7263382809
43.1609555547
43.055532161
42.9843202768
42.8096892299
42.1302879318
41.7376155748
41.5930462196
41.7735375071
41.6034579345
41.1179246917
41.4279827032
40.6550336551
41.035502706
41.3116274101
40.3729141872
40.4319688898
39.9214980121
39.4690991439
39.6568620158
40.3566049569
40.2426832862
40.0680715985
39.8709912298
39.5552116711
39.5569380012
39.7545055411
40.5504815542
40.4917092223
40.5302706801
40.1209875594
40.3362743388
38.985811895
39.6226709496
39.4436653439
38.9891611227
38.9555329679
39.5010483504
39.0736818249
39.030966895
39.227737205
39.4487433016
39.5966453404
39.3374811393
39.1513333006
38.9861403718
39.2940794467
39.9591504374
39.6839028736
38.845086155
38.9358731893
38.6799482119
38.8564796799
38.4140618769
38.3490789601
38.2794072597
38.722146244
38.4319469387
38.3661783445
38.4025731593
39.0336025829
39.2000787763
38.3761127323
38.2149500158
38.6605566328
38.6010229366
38.7414297802
37.9985799826
37.9979266239
37.3276011666
36.802411196
37.1242237904
37.0704985561
37.3722646618
37.2729679362
36.9093121376
36.5120063749
37.507844995
38.1907416607
38.4860690659
39.3196854304
39.4245320703
39.1293969119
38.5223581329
38.3167192397
38.6175445094
38.3129134391
38.6995253794
39.1094186725
38.1581496608
38.8081253875
38.4866628985
38.1879224697
38.5247703654
37.7528914906
38.3024838715
37.5756283145
37.982431772
37.0433858266
37.0207202563
37.3892317227
36.5266257245
36.6222209643
36.1431715341
36.0737768156
36.1415525764
36.0763848115
36.1962391802
35.9345205156
36.5380173592
36.3482602772
36.6958505609
36.2814339768
35.6427203827
36.0107742297
35.8585098536
36.1385040991
36.0637996124
35.6944180796
35.3885293954
36.0064484248
35.7180843817
36.1008470093
35.8659155811
36.2507198143
36.5881787504
35.9783323857
35.4336166131
35.8091131377
35.735368319
36.2623516291
36.3767536598
36.1108294983
34.6878296389
35.3376165054
35.8932716273
35.2396911525
35.45902336
34.5223443231
35.2469256
35.4572480169
34.7490261059
35.067985162
34.8760285694
34.901355091
34.7996874723
34.3039605947
34.6960335851
34.200724602
34.4190207279
34.4519397811
34.4649976027
34.6654523984
34.9277735262
35.2068652638
35.0024285064
35.0782944634
35.476409436
34.6935016914
34.489138573
34.507338977
35.2791502106
34.5817225586
35.4048069725
34.7122752875
34.3815127428
34.2515352072
34.3510220411
34.2326138596
33.6226919756
33.892947221
33.4287929564
33.5608427923
33.7667638355
34.4792962825
34.1573528677
33.9783923783
34.4132639979
34.8846061807
34.4335380143
34.0968185166
34.2248253507
34.6705344852
34.2884464978
34.7981840001
34.4579469351
34.2750992951
