10974.0938715
5471.06528297
3693.09592718
2818.72573715
2231.16059524
1873.0726941
1664.45586998
1400.85266171
1199.64304208
1040.65898144
921.690016378
822.682123911
725.386162279
666.412634711
616.53254785
575.542329932
535.385478823
499.295842567
475.271950728
447.183759044
424.776113731
406.552636803
385.309968075
369.601460128
350.183210971
333.254530703
318.972098841
305.602090393
294.764152746
284.55947626
272.476050706
261.385517501
255.281048095
252.237113352
244.477612265
237.498904682
231.136603272
225.081948698
221.935441251
218.687986778
215.510312254
209.491856331
202.770392868
196.880152448
191.932282748
188.850484587
187.113217894
180.881763164
178.644234422
173.849510422
169.774046298
168.195612271
165.452873884
161.158998021
159.849627928
157.146571022
153.857157653
151.598129979
150.343261156
148.5090097
147.648286003
146.113238837
145.456306584
144.20128275
142.984326782
122.831248706
106.1780239
95.8974414696
89.2825918742
82.9190391258
79.5144273603
73.1348443737
69.2623906001
66.2892288412
65.3664497408
63.657512764
60.1483517183
59.2763778376
58.9487292385
56.4291385912
55.7097069225
53.8285322089
55.1766736413
52.7716474639
53.3281115312
52.1243467423
49.5635780894
50.5284854858
50.1505084307
50.1553524491
48.8677613123
47.9550967682
46.9450401738
48.0399768078
45.7433781002
46.1062996635
46.0188555371
46.0564078941
46.0803560977
45.6173664177
45.3502288389
44.1566769839
43.273884389
43.4290787566
42.7594109053
43.2483711819
42.8263769036
43.1269811377
43.6925552581
43.2233712536
42.2847535588
42.0904435781
42.2578403286
41.4043175462
41.18406774
42.0656675957
42.1683430976
41.1264341022
40.4770928012
40.9880332855
40.834617413
39.9317274484
41.126476729
40.2589830751
41.0889046172
42.3089277114
42.3455567681
42.7324857084
41.2640687515
41.3943345691
41.95126475
42.2600593968
42.4178718152
39.4328951395
40.2645045337
40.7333825206
39.7872148776
40.9543607093
40.2291790804
39.8778599709
38.6649740799
39.0721962169
39.958774626
39.400396212
38.5126959282
39.5568018198
40.1518144593
39.7839340794
37.8561748166
38.558052052
39.0585865745
38.779229201
38.8343870926
38.1823237939
39.4100916715
38.057950273
38.4119977799
38.0256800631
38.2847427818
38.9974862055
37.791023684
37.8781025688
37.7391980313
39.1275632288
38.0555146228
36.5723000482
37.9031713889
36.5661474193
36.2780008094
36.5068948724
37.1215309863
36.3292871626
36.3726118428
36.6296698528
37.776875319
36.8480033126
37.6476305028
37.8642038638
36.9085826166
36.7904782098
36.5263147782
37.1710656562
38.1723067915
36.6137135045
37.4930868103
37.0696917184
37.1783260136
37.2253906227
35.7912049156
35.3046210449
35.3903458801
35.8666712112
36.0645287826
35.4214976998
35.8148453488
34.7709617532
35.4018895048
36.1141703349
34.703908159
35.1083817081
34.0650841783
33.6450878888
34.336633056
35.4320898891
35.141228793
35.180066835
34.527345231
34.3793167633
34.7051161139
34.8533788817
35.9721620548
36.3327180052
35.9817416006
35.3047095558
35.6249207667
32.7761019963
34.7998155372
34.4370898252
33.6087452047
33.9053552456
35.0469411224
34.7000138298
34.3057073173
34.7832309186
35.1801129704
35.4905105056
34.8423538821
34.3793152173
34.3801714305
34.7798624034
35.952831362
35.4583265095
33.9789466768
34.2454581655
34.0867801486
34.6008629939
34.0177231207
33.8028929428
34.2079374763
34.6900303185
34.3523094818
34.2423509722
34.2660660023
35.4801348088
35.3475447134
34.2476023939
33.7965047088
34.9297717103
34.6250347013
34.8749306633
33.5806455148
33.9960143235
32.6116802218
32.0738420848
32.9308727191
32.8669524937
33.3040501011
33.3801400688
32.7765224403
33.2996625722
34.560440582
35.6578335889
35.4565041945
36.7618373539
36.0556783827
35.2062470352
34.2826109562
34.5305162308
34.8648728937
34.8780551498
35.0064217172
35.9467028047
34.3834286403
35.4211970244
34.6153399506
34.0013850065
34.4374670915
33.9807281271
35.0876837553
33.9574360882
34.4244078462
32.8124462262
33.2133347698
34.1147192166
32.8334773922
32.9656867132
32.2642209892
32.1800188162
32.7218403298
32.3739943673
32.29659555
32.2575734443
33.3279375741
33.1850311958
33.5389872186
32.8820217564
32.4557770084
33.0024484364
32.7115054706
33.0315732223
33.4574476898
31.996923196
32.0828355974
33.3105385147
32.7192927347
32.9569367714
32.3029700537
33.1345703744
33.5863776196
33.0809559971
31.6060979751
32.2261417145
32.330888105
33.6131641612
33.4398426513
33.0037867868
30.6803453334
32.2082202811
33.3968328383
32.1234036122
32.5277044685
30.8178979601
32.6085985873
32.7450642098
31.4360792312
32.1401689057
32.5953350489
31.7663196937
31.5776848883
30.9596231985
32.0195707877
31.1009148476
31.4185764553
31.5453162408
31.6884915878
31.8790691221
32.310118971
32.6230589974
32.4905185267
33.060486011
33.1257522611
31.4871183492
31.4892554415
31.5755120441
32.7872547436
31.9792377531
33.3133566593
32.1198357504
31.7390476785
31.8889031853
31.4361734473
31.4531671978
30.8876959968
31.3596122927
30.5072908073
30.8206857335
31.6210918058
32.4167731097
31.3993879505
31.2629186842
31.7828263971
32.3247907847
31.8410005561
31.0935993456
31.75194062
31.7911582112
31.49540358
32.4238844534
31.7908136874
31.8999233811
