57269.854799
39613.1231347
30119.852425
24069.2629552
19733.0522423
16894.4254062
14853.1700769
13090.6116258
11520.7619552
10364.1676119
9427.62519787
8547.04689598
7633.64961754
6947.74541341
6306.56758472
5788.69740452
5231.94618072
4710.80961638
4342.11204725
3964.2302502
3630.67670285
3386.65178771
3105.32859814
2883.79800399
2691.87479819
2521.88191505
2384.38387546
2251.52081691
2131.28941506
2025.43402923
1920.9513589
1838.09638115
1774.99803582
1717.10305247
1646.07839969
1597.84131932
1553.78673615
1511.12539229
1472.91312392
1437.57165451
1409.1359856
1374.70750333
1334.39360542
1305.7776901
1279.73214504
1255.34437915
1236.75143364
1208.64151896
1188.49479766
1168.16033511
1149.70757752
1135.90943173
1119.98695591
1101.99595499
1086.1770329
1071.20683643
1057.47218035
1046.23040303
1033.89919332
1021.09245214
1009.85288597
999.108578318
989.759849975
981.509384705
971.129333585
868.478012156
772.609742305
698.030914154
637.99696802
588.870546128
548.282411533
510.039101412
478.320387259
450.322898991
426.67128483
406.146602298
385.996472446
369.526838082
355.003858781
340.042144318
325.947456004
313.809383805
303.530589761
293.256166556
285.043493984
275.923235351
266.726518622
259.365730727
251.871393694
245.38075877
238.506193421
231.840021443
225.142533303
220.091549592
214.623998419
209.760835293
204.691659232
200.245283247
196.350602138
192.62295007
189.105630921
185.292721938
181.289262184
178.277680398
174.916086644
172.079848648
169.228899046
166.612028273
164.113359697
161.553935674
159.080328039
156.895746785
154.421825223
151.87887132
149.552559903
147.477598336
145.420691281
143.226211615
141.333302169
139.583063146
137.641080895
135.61917323
134.306240943
132.683236845
131.558919595
130.552229401
129.712882739
128.741138126
127.110311045
125.842116848
125.027793264
123.925571186
123.265249501
121.484110187
119.995985097
118.844568725
117.6253187
116.613388012
115.61785733
114.382096628
113.094873099
112.191681983
111.413247621
110.398130286
109.237528619
108.720828432
108.127719203
107.543915777
106.289298658
105.236983814
104.515277295
103.511014734
102.880928251
102.075198122
101.646878125
100.767857162
100.171006205
99.1936965671
98.6247497564
98.0510290822
97.1630095978
96.4099523794
95.7529520988
95.5340383138
94.8484342794
94.053537949
93.5803598214
92.8407283828
92.2764407123
91.6928261053
91.2067794208
90.6490986308
90.0125293792
89.683085227
89.3346016631
88.8123737634
88.3961895473
87.9807450462
86.9723757648
86.3724489707
85.832151468
85.4609010278
85.5010700199
84.8741996307
84.6011237343
84.2027665454
83.8494646582
83.461933071
82.8455920211
82.3426282495
81.81492417
81.5243999421
81.0373873982
80.3890554901
80.1751808573
79.4942126735
79.1707179007
78.9036285385
78.2156344461
77.7777414552
77.1586458638
76.5053351805
76.1577610802
76.1416553094
75.9015269249
75.4830823179
75.0917859808
74.6214476024
74.2903152114
74.0315198928
74.1057494357
73.8621054965
73.6977038955
73.3934214551
73.2479262312
72.5804487124
72.4290397551
72.0501477138
71.702876696
71.3912410552
71.3350973225
70.8287897715
70.5898689336
70.3550775036
70.2143075605
70.1570406478
69.8987755066
69.7652381502
69.4865061584
69.3594584994
69.4579575009
69.2359953587
68.8005459223
68.6361169556
68.2644770786
68.0320337081
67.6876611663
67.4537975246
67.189141504
67.1270522638
66.8932112596
66.603382021
66.4827950533
66.4538136066
66.4719053955
66.0807258942
65.8480500393
65.8179193979
65.6503452231
65.5179510788
65.0923462039
64.8020926324
64.351378318
63.9426379859
63.8191178651
63.5911481715
63.6001511619
63.3417381972
63.0810349278
62.3598546884
62.2255165526
62.2575051251
62.2171843006
62.4489099468
62.6222823992
62.6373655167
62.4384182056
62.1208189104
62.1310759263
61.9860820571
62.030168042
62.0856373649
61.662509495
61.7637036055
61.701854381
61.471134827
61.5195726664
61.1235420476
61.1130526321
60.7404861251
60.7719347913
60.4533956436
60.1485038658
60.0797545893
59.673938318
59.4840481736
59.1093528951
58.9180086992
58.7965861997
58.6159600308
58.5522047312
58.2233055279
58.2365423341
58.0647891629
58.0731554181
57.8451043666
57.3755911227
57.1710839495
57.0492623673
57.0923844133
56.9919117961
56.835234575
56.6111215404
56.5685696206
56.4904091277
56.5139788442
56.3859070613
56.3310774466
56.4437540225
56.1869974141
55.9368243346
56.0141661845
55.9095726824
55.9130233947
55.9134190745
55.8446499527
55.3443466413
55.2394604115
55.2503605595
54.9802264423
54.9426440651
54.5716150056
54.5382144273
54.5188173247
54.1647605099
54.0975561132
53.8562680202
53.7515576369
53.7587225075
53.4316942127
53.3129578902
53.0766524735
53.0489179039
53.036582771
52.8899686366
52.9213803968
52.933499287
52.9624051353
52.8719325318
52.7418344979
52.8944019949
52.5957419342
52.4191676578
52.2704816387
52.4547382201
52.1986068728
52.32019002
52.1234268452
51.9013847236
51.7472504278
51.70257445
51.617096666
51.2648078615
51.1853593536
51.0030079727
50.8954159608
50.7480498695
50.9120294928
50.889432621
50.8138451628
50.8855682431
51.0396197852
50.8726117521
50.7569431636
50.5793604598
50.7482447906
50.6118192868
50.704986827
50.6243315507
50.4829771328
