66132.9840779
37815.7720701
26480.2991952
20297.3502987
16281.8783422
13898.2791269
12336.6124401
10952.3555776
9763.58221528
8945.38613089
8311.28354498
7728.36714671
7073.11359825
6648.31531019
6256.0027809
5929.93085897
5564.2881033
5202.62798955
4936.12233442
4643.36588682
4364.3806407
4134.61775459
3851.78105822
3619.28012414
3394.12088121
3185.92635997
3003.49700543
2831.05134532
2676.43819203
2540.95097394
2404.88172498
2294.03382205
2208.75289216
2134.66433062
2045.95596206
1981.6274767
1926.35741062
1866.82544338
1818.2063192
1773.12902132
1732.89040615
1688.11793566
1634.96237257
1594.14379211
1554.74478791
1518.93575347
1490.62277218
1449.95024284
1417.6592683
1385.98796282
1355.31787204
1331.81210019
1308.86982099
1280.49721381
1253.93174321
1230.78097675
1206.18604405
1185.85021142
1168.04750079
1148.50927092
1130.73808416
1112.64363936
1097.47883054
1082.22966139
1068.25008217
907.037372918
761.396120978
665.184859787
589.362929789
534.221364693
494.171389628
451.92755844
417.794512668
390.874787964
370.475927534
351.383748726
332.987283137
319.386851582
307.682257951
292.18744902
282.244040259
270.239619244
265.17974566
256.639353826
251.744566717
243.783509228
234.643292407
230.181981001
224.132595675
220.215314651
216.07215175
207.660218389
204.210718686
201.279106509
195.511379008
192.333397109
189.186799041
186.709972577
184.288064878
182.377978872
179.429158247
175.297279845
171.710054557
170.979236128
167.383265285
166.38949506
164.275759709
163.868345479
162.011364075
161.448706275
158.730710053
157.086386515
155.351531121
152.414446365
150.672364843
150.798867068
148.807280665
146.670074817
145.05906701
144.594076316
142.011663159
141.041913198
141.013392924
140.506114518
140.198885164
141.898899594
141.73148218
141.001398586
138.764544712
138.043516752
138.631273007
137.97232595
137.831062316
135.227764156
133.019994995
133.378183278
131.630599578
131.363070509
130.882253215
129.446637999
127.858555121
127.539625475
127.805430976
127.363031613
125.622525302
126.240762825
126.407179086
126.557898766
123.599886864
123.126440474
123.001499849
122.124721687
122.192705467
121.602888478
122.282935336
120.970130692
120.329777666
118.647113752
119.454816124
119.906133296
117.99326264
116.951658888
116.469876095
118.155021961
116.724489007
115.114840901
115.566502122
113.908347242
114.192962398
112.702995391
112.614531397
112.115469958
111.514087872
112.596358506
112.826484701
111.897884109
111.958031289
111.909080369
109.56490805
109.554385804
108.385550944
109.754486558
111.160710883
109.021249962
109.638367333
109.242630243
109.344645455
109.037561211
107.298886472
106.722790419
105.914974085
106.753031082
105.889329495
104.525057725
105.265193159
103.444870717
104.02239232
105.007341184
103.004639305
102.580721676
102.037279171
100.673147553
100.410569574
101.692367034
101.985430896
101.10181172
100.658216793
100.057681257
99.6702897035
100.342531649
101.795167151
101.698271251
101.371230256
100.644253892
100.880919087
99.4332729421
99.9509205944
98.6160024585
98.4961878834
97.4416757202
99.7568058115
97.68544374
97.6223494865
98.6383107358
98.0694535857
98.8158581858
97.9784062825
98.3120976348
97.1688203859
98.3308309015
99.1950802489
98.4120265238
97.1342309884
97.4226478705
96.3885773242
97.0424657524
95.9262654708
95.9777497423
95.5512363666
95.8793613291
95.9075061583
94.9481583417
95.6940736398
96.484821424
96.8906174244
94.9534853258
95.0975429464
95.4121522321
95.4208234549
96.1270490855
94.2128751073
94.300693092
93.5266279305
91.9144092159
92.5413942187
91.9812039838
93.1298757911
92.5016841613
92.3470060788
90.9478768543
92.7104999024
93.5838491923
94.151550807
95.8573739864
96.8634362369
96.398873703
95.3612298272
94.5390601538
95.1393021397
94.6749223381
95.3404602084
95.9608452149
94.2087535373
95.2585633657
95.140241687
94.2468684092
95.0805420376
92.9935691209
94.2073829488
93.0858661579
93.2482789912
92.625584122
91.5084139293
92.0021826257
90.7366705246
90.7065137057
89.6774224205
89.3347044229
89.5264517723
89.8272619272
90.3119504826
88.8865964654
89.8652527652
89.6830603574
90.1908229892
89.8832095593
88.1824439805
88.3041854556
88.129557083
88.7050051572
88.5588252372
87.9813022118
87.6334525169
87.8324646895
87.7631285117
88.4493005783
88.9010111992
88.6424744949
89.3582637516
88.3773983298
87.2621076566
88.6218362462
87.9770095656
88.4866780564
89.0333285749
88.4864343496
86.5312502274
86.6589615642
87.8773424736
86.6989228697
86.9394004845
85.5338303319
85.8685387595
86.6509181179
85.533718008
85.6283093082
85.2670979836
85.0609164297
85.7987666194
84.7548154861
84.998936535
84.2623087503
84.3469476473
84.7615391413
84.7438344426
85.1727778136
85.3690295489
85.680155262
85.7146492932
85.4644933663
86.2678755615
85.002710614
84.5758059181
84.5791705653
85.8756893983
84.6746880311
85.7158077257
84.7970166889
84.0336897222
83.5212043698
83.912440396
84.0677117972
82.6247490945
82.9733886445
82.1561000648
82.1939073256
82.100022866
83.3788130488
83.1264545997
82.862496039
83.6670128179
84.664087382
83.5171432741
83.35244258
83.002667141
84.3847127644
83.1984344987
84.1916381563
83.9141845392
83.4176691226
