16063.379643
8266.65087835
5587.25770328
4222.05874652
3331.98516093
2795.41615729
2459.67395571
2097.56983831
1795.12437012
1566.27589798
1382.55493182
1222.77304216
1072.13000745
976.582506776
897.47433438
836.633652896
780.295639688
729.943856498
695.260257188
657.705657681
627.276024731
602.912382069
573.421513515
550.687329412
526.694157593
504.959340881
486.665221402
468.789369177
452.299856224
436.752254392
419.817495707
404.473299833
394.079752531
386.351418126
374.146506663
364.016985253
354.320416283
344.627377286
338.27662829
332.01488993
326.169629035
317.969296883
308.216480589
300.231668664
293.039928126
287.561062634
283.671662511
275.286177332
270.575782995
264.280016828
258.43897552
255.078182037
250.817427298
244.834181683
241.282106291
237.204472366
232.673836499
229.231301602
226.691390112
223.223097731
220.681886549
218.081423207
216.439009382
214.381296541
212.217003174
181.593042706
155.735928283
138.176765429
125.911533088
115.871871515
109.448180913
100.505242285
94.2719129516
89.4302919283
86.43246041
83.281419226
79.1596246938
77.2460004226
75.7162474263
72.3643346133
70.6592573291
68.1697415784
68.6947939341
66.2575644917
66.1985589549
64.3941322947
61.6097626027
61.7081623863
60.8058808536
60.4790237569
59.1044501775
57.5634754685
56.3713291371
57.0094227636
54.8650706422
54.7817029601
54.1444365076
54.3083630852
54.0033732253
53.5651090814
53.0326329618
51.7564928151
50.7285785409
50.7266531058
49.9727935659
50.0399382361
49.757806895
49.8136390845
50.163801732
49.7128315184
48.8190442663
48.4336561801
48.2839794701
47.3219900943
47.0498067279
47.6769487166
47.4910767814
46.6239999751
45.9561601603
46.3119317274
45.8508626287
45.2465596014
46.0570177207
45.5233198092
45.9737672015
46.9657156933
47.1865344058
47.281941629
46.0327856437
45.9725421099
46.5762319927
46.5843470509
46.8687649866
44.5710488313
44.704984259
45.1364439551
44.3927338994
44.9426845421
44.6124555676
44.1468680906
43.246120792
43.4282999531
44.0118736486
43.6285378999
42.7632045732
43.6595256053
44.0091649367
43.8479656683
42.1280527644
42.5180347963
42.9202224052
42.5605141827
42.6846088978
42.1873975806
43.0160991842
42.0967014346
42.168918171
41.6563280852
42.0889014718
42.4235642835
41.4623790835
41.3273027265
41.1673278784
42.2628448231
41.5352687001
40.3353738796
41.0571589607
40.1123688477
39.9380662852
39.9812003718
40.3032711822
39.7175020327
39.7878558126
40.091872681
40.8060955904
40.0936846273
40.5609992328
40.6426558959
39.7944629141
39.679181233
39.4965641225
40.0621131264
40.9840236941
39.575301229
40.2718055362
40.07281668
40.077593177
39.9490511077
38.938363766
38.4846820153
38.4723143866
38.792455472
38.7730452688
38.2272816881
38.6153966598
37.684385875
38.2281500098
38.7410232115
37.5466422619
37.7456443164
37.0788723513
36.5678969966
36.9869244662
37.8860449521
37.7080714135
37.582556905
37.2472095994
36.9855742667
37.1050720432
37.3858724566
38.36575706
38.4268383014
38.3608573485
37.7885631142
38.0794715043
36.173490263
37.325467139
37.0382226736
36.4080697233
36.4753663637
37.3860758756
36.9211312884
36.7435584513
37.1463290714
37.380928132
37.6153337704
37.1828456641
36.8858984839
36.764448224
37.2005552618
38.0830148094
37.6823643386
36.5336132222
36.7235921492
36.4921570198
36.8558895087
36.304105617
36.2002884655
36.3195799525
36.8358776483
36.4905565368
36.4247456173
36.4615891448
37.4362043893
37.4769353983
36.4220987241
36.1553745811
36.8875849928
36.7713146801
36.9810896613
35.9632321982
36.1564704624
35.1954604408
34.5549670311
35.1194546587
35.067210724
35.4512227855
35.4491118667
34.9623199981
34.9592772155
36.2459625241
37.0720950434
37.2163670942
38.2706803612
38.0595929954
37.4680765267
36.6731913876
36.6620020629
37.0048350666
36.7484505102
37.1190851318
37.7565823231
36.4857369437
37.3528625439
36.792261051
36.3576934154
36.775460166
36.0075712195
36.8562551689
35.9095931592
36.3702057802
35.0839901593
35.283525411
35.8710030103
34.8510165083
34.9606253855
34.380871771
34.24920206
34.5291727315
34.4158878708
34.5067893175
34.2928077022
35.1755263408
34.9727253473
35.3570429826
34.8108172405
34.1594318678
34.7348984293
34.4514797556
34.7531391824
34.8783682448
34.0660183075
33.8937584352
34.8147827799
34.3490863517
34.7719718717
34.367055314
34.9536333382
35.3216515523
34.6913234054
33.7385381563
34.2617778123
34.2484593176
35.0872982711
35.1641351282
34.7455605281
32.8799627889
33.9540735523
34.8360120251
33.8767803362
34.1829335178
32.8588227059
34.0751178231
34.3173172037
33.3308585879
33.791770642
33.8545412426
33.5656477808
33.3501881463
32.8662347938
33.5305232824
32.8658099272
33.0998722277
33.1568864
33.2833536426
33.4851152245
33.8323466936
34.1491025936
33.9728172668
34.2243761306
34.5175591847
33.3710656912
33.1919742601
33.2864552088
34.2912383649
33.4723101379
34.5730755037
33.6130678867
33.2109106293
33.1797423997
33.1457101769
33.0744786067
32.4301258355
32.8244572756
32.1941067631
32.4101933909
32.8900019726
33.6957882479
33.0698321107
32.8688310659
33.3624900884
33.9188651023
33.40091434
32.8467887704
33.2480319943
33.5868660349
33.1460413021
33.8630880957
33.378332915
33.2544361277
