18744.9522291
9985.05690885
6775.62598265
5100.04060082
3986.90438502
3290.72923312
2826.6481506
2320.8544831
1891.0850775
1565.44907729
1321.33181244
1134.54642546
978.248519439
884.022266073
811.2272742
757.54845169
709.76334305
666.642329413
636.774881638
605.62997438
580.902057585
560.933391116
536.385144512
517.806103913
498.063837419
480.177336086
465.485874312
450.827686171
437.488491342
425.022458336
411.093587057
398.460764722
390.226328978
384.156901629
373.732988546
365.035519257
356.356852234
347.962897607
342.216414244
336.541046452
331.398871553
323.494197181
314.594896608
306.832127664
299.702141808
293.962017333
289.97200115
281.593267039
276.814340056
269.926472683
263.480379022
259.251595075
254.21281775
247.540327923
243.235140118
238.383188854
232.878548901
228.480888918
224.921251152
221.049258191
218.129134215
214.81437442
212.421628296
209.74156735
207.17509273
175.052319082
149.206386169
131.812822331
119.605661286
109.755812
103.410279462
94.7363341415
88.6758344105
83.9552662895
81.0453916558
77.976815352
74.0655793582
72.1571386045
70.6531990666
67.4350231707
65.8278733657
63.4375067188
63.9097967726
61.6041539093
61.4989560823
59.8038634511
57.180342271
57.2668700799
56.3781537068
56.0465363011
54.8140533311
53.3038544516
52.2436952404
52.785695649
50.7730695619
50.6848818793
50.0959226817
50.2246431213
49.9092696755
49.517860876
49.0039176644
47.8064766965
46.8503812394
46.85868726
46.1328005716
46.20631901
45.9207612631
45.9887389186
46.2821171049
45.897368402
45.0564433001
44.6873968696
44.5553014085
43.6459279761
43.3906186634
43.9944194844
43.7859589103
42.988691535
42.3654172674
42.6998508285
42.2399545669
41.7097275142
42.4345754869
41.972628839
42.3578429798
43.3128810785
43.479811169
43.5589980167
42.4126785191
42.3596144962
42.9091695974
42.9140495399
43.1546725259
41.0845838412
41.1617364596
41.5937630453
40.8863123628
41.3838426095
41.0738206396
40.6453934423
39.8282939287
39.978824498
40.5134618586
40.1780038955
39.3807984577
40.1974074789
40.507703672
40.3775555039
38.7762566012
39.1380061415
39.5019495539
39.1800499688
39.2900761831
38.8309473152
39.6014490603
38.7550916793
38.8014484517
38.3284580752
38.7518513942
39.0619783623
38.1584952677
38.0251759599
37.8787308551
38.8987078445
38.2275838609
37.109341327
37.7914712243
36.9019159484
36.7857761725
36.7777726168
37.0787824591
36.5379804773
36.6036372026
36.8889812836
37.5437020906
36.8814269231
37.3172179502
37.4044426332
36.5976311996
36.515493803
36.3106051197
36.8736909883
37.7142858478
36.4030503737
37.0440043405
36.8541118341
36.8756069767
36.749553923
35.805732046
35.3984871231
35.3853737068
35.6951455163
35.668817875
35.1583412722
35.5236148352
34.6575116751
35.1523265792
35.6513869264
34.553727332
34.7140279147
34.1196035502
33.6357296613
34.0134800013
34.8372822403
34.6909507208
34.5540699595
34.2465478426
34.016388103
34.1163292608
34.3921183781
35.2976658463
35.3467027318
35.2806734212
34.7465498328
35.0079786982
33.3172422922
34.3372154899
34.0442604209
33.4834098088
33.5210772526
34.416784451
33.9379466695
33.775222785
34.1839826626
34.3554278242
34.5909683727
34.1803941629
33.9316639988
33.7856273557
34.2200251107
35.0119880748
34.638892949
33.5852391211
33.7723139447
33.5391183387
33.8979096691
33.378008532
33.2928357523
33.399243908
33.8535487561
33.5518767573
33.4719046684
33.5257329649
34.4283729933
34.4589947847
33.4669346457
33.2331479663
33.8926974613
33.7966616201
34.0113827934
33.0496844249
33.2449830834
32.3722811753
31.7631713093
32.2867890454
32.2314816655
32.5986671144
32.5873133723
32.1514971146
32.1512249625
33.3503991608
34.077159484
34.211164595
35.1820309308
35.0069294268
34.4542160177
33.72064804
33.7106756369
34.0219086515
33.7921536639
34.135207956
34.7172009136
33.5432380644
34.3405271969
33.8289062139
33.4263037741
33.8168415301
33.0901037656
33.8827534175
33.0111937427
33.4188141636
32.2668049129
32.4287253545
32.9719744174
32.0465704064
32.1449219352
31.6051088242
31.4764934754
31.7428702427
31.6565972611
31.7491636895
31.5231371734
32.3474617825
32.1552455649
32.5137852073
32.0158305452
31.4062773493
31.9275509014
31.6659226279
31.9478922669
32.0666347615
31.3173949952
31.165856304
31.9888783649
31.5658002819
31.9553126729
31.6183152686
32.1261731829
32.4660360623
31.8876649208
31.0106887151
31.5097492186
31.4799482667
32.246560272
32.3279929125
31.9350670189
30.2396424106
31.2018308412
32.0374382944
31.1397646666
31.4238517828
30.2093783956
31.3108136611
31.5469578448
30.6374166968
31.0515507713
31.1187347761
30.8353390374
30.6577630386
30.2327035096
30.8255980419
30.2178759192
30.4203084996
30.4802226488
30.6078755777
30.7962914413
31.0941548712
31.3864133594
31.2391599341
31.4579334095
31.7197151772
30.6779550256
30.5168414637
30.6000142563
31.5261715306
30.765286951
31.7688319655
30.9011528399
30.5212668122
30.4835437033
30.4600798881
30.4199359899
29.8127600545
30.175302368
29.595591591
29.7902954189
30.2208179216
30.9622323709
30.3879311819
30.2017173651
30.6608515972
31.1795840515
30.6888675801
30.1848844019
30.5492731263
30.8773890756
30.4501834452
31.1133962633
30.6735206347
30.5579185175
