16343.021875
8425.35164181
5708.84176429
4327.43380407
3431.77256928
2896.04334943
2563.03129708
2202.29974075
1896.96914435
1663.1860589
1470.81785398
1298.70846765
1134.81956855
1030.27292901
943.861005089
878.152160953
817.912928127
765.506960884
730.014781701
691.885589179
661.660631747
637.876721888
608.823955194
587.139740164
564.146101994
543.421566374
526.293748768
509.391458172
493.947489598
479.65130078
463.613187503
449.200303277
439.794394981
432.762631951
420.675254135
410.600717409
400.478410487
390.612957424
383.452193153
376.272379087
369.752236441
360.069398601
349.12644872
339.327642334
330.1823177
322.606647789
317.215078269
307.231254691
301.133588468
292.984639446
285.468905477
280.66831958
275.323029677
268.105870633
263.402454311
258.365876548
252.721510992
248.384934962
245.107468053
241.072003941
238.098530964
234.837636848
232.632689607
230.07374133
227.566193494
193.075686704
164.313898259
145.017869275
131.531832045
120.67360912
113.69959603
104.166638684
97.5103558536
92.3349213728
89.1513700432
85.790767886
81.5018326616
79.4162150097
77.7738225462
74.244779121
72.4897370213
69.8672501293
70.4000003697
67.8707516475
67.7640162059
65.9061616749
63.0226244195
63.1267352905
62.1553337699
61.7969077551
60.4466170123
58.7856608593
57.6250615383
58.228287259
56.0125945123
55.9210630345
55.2775825925
55.4246310247
55.0815305284
54.6539743871
54.0909251037
52.7718084244
51.7200450942
51.732822185
50.9343876373
51.0194896449
50.7070064384
50.7861222111
51.112205858
50.691323829
49.7650221763
49.359594777
49.2167537073
48.2137262918
47.9343612303
48.6041054126
48.3758070514
47.4970853192
46.8103672119
47.1818771071
46.6748311271
46.0914419879
46.8942835937
46.3859772649
46.8127298926
47.8711069687
48.0564069655
48.1456460021
46.8798101892
46.8229056961
47.4318118135
47.4385292612
47.7052225131
45.4189043463
45.5049874912
45.9845463066
45.2026348545
45.7538357615
45.4120355759
44.9390262282
44.0369907844
44.2043116005
44.7961543806
44.4262407889
43.5453780521
44.4490909935
44.7931455926
44.6502218344
42.8802759171
43.2812882047
43.6846798964
43.3293207631
43.4517410477
42.9448915449
43.797823181
42.8628899683
42.9143468135
42.3913216736
42.8605408157
43.2048035595
42.2057035247
42.0583928529
41.8969672978
43.0258707845
42.2845811963
41.0477936753
41.8032427003
40.8190791173
40.6918782841
40.6830170133
41.0162138945
40.4185150349
40.491916067
40.80837378
41.5328820443
40.800584526
41.2828912895
41.380846912
40.4877968039
40.3977188228
40.1705892957
40.7947350951
41.7252912229
40.2749278324
40.984295989
40.7743802033
40.7985658076
40.6592913519
39.6151378278
39.1653455297
39.1514600525
39.4943514851
39.4658648178
38.9008919615
39.3055006193
38.3475497879
38.8952483956
39.4477358935
38.233453657
38.4109293692
37.7538510286
37.2185346756
37.6369079162
38.5483665405
38.3872220192
38.2355460806
37.8957088444
37.6410950229
37.7519030182
38.0572976561
39.0603190911
39.1143259853
39.041508802
38.4503352551
38.7398516378
36.8701649874
37.9987618762
37.674069832
37.0538813295
37.0954688976
38.0880652269
37.5572677604
37.37757884
37.8305032421
38.0199310664
38.2810385035
37.8269820365
37.5520742295
37.3902874317
37.8714791565
38.747981444
38.3349242278
37.1689065782
37.3768844365
37.1185942974
37.5159949058
36.9408790168
36.8469512976
36.9648914055
37.4677493623
37.1338248026
37.0451986807
37.1054112254
38.1043225996
38.1388158329
37.0399540149
36.7817067452
37.5115884913
37.4057139975
37.6437676373
36.5792304981
36.7954583434
35.8298178624
35.1557469983
35.7356948444
35.6743831594
36.0810276847
36.0683660633
35.5863920535
35.5864137424
36.9142909655
37.7182400661
37.8666247303
38.9413657689
38.7480827445
38.1363816041
37.323924784
37.313579261
37.6582328696
37.4042065464
37.7839365445
38.4280072668
37.1285351009
38.0112462769
37.4452091984
36.9996362721
37.4320640395
36.6272405501
37.5054298426
36.540527431
36.9915888006
35.7169031817
35.8957736488
36.4976909049
35.4733983106
35.5827111637
34.9849209446
34.8423521173
35.1375281423
35.0422843188
35.1453568284
34.8944675646
35.8074807686
35.5946266735
35.9918856548
35.4405344335
34.766127967
35.3429379261
35.0533132475
35.3656474743
35.4974082514
34.6678881102
34.5003909451
35.4111592601
34.9432216703
35.3744903022
35.0019083935
35.5639374975
35.9398874697
35.2999179017
34.3291059682
34.882108614
34.8488627796
35.697356228
35.7879186355
35.3526617344
33.4764068593
34.5412333005
35.4665827722
34.4728450567
34.7874254482
33.4431824032
34.6622083035
34.9235674634
33.917014162
34.375288611
34.4501178106
34.135829426
33.939831093
33.4698129418
34.1260970719
33.4532703964
33.677472732
33.7434509846
33.8852287775
34.0940365607
34.4236517334
34.7471091155
34.5840990545
34.8268092755
35.1160269681
33.9632407049
33.7846050471
33.8770409409
34.9025025726
34.060468017
35.1709618133
34.2110337057
33.7900891252
33.7480571737
33.7224847755
33.6781705224
33.0062848869
33.4073729749
32.7657698513
32.9811513015
33.4579024114
34.2790191929
33.6432932208
33.4368906822
33.9451505048
34.5196160522
33.9765096617
33.4183994179
33.8219672223
34.1855697505
33.7121599035
34.4464344291
33.9596270242
33.8317443208
