32875.9162618
19596.8629093
13813.0768533
10525.911305
8317.31654595
6930.66379977
5973.54164823
5075.46923467
4263.95498665
3645.78543662
3127.96159774
2645.4150632
2202.28321325
1909.28897664
1674.52935687
1510.26310397
1364.42949431
1247.04536054
1171.54729828
1097.94887111
1040.12838042
997.92369932
946.78121689
908.725911551
874.385846342
844.080240136
820.014710332
796.250464113
772.850133162
750.85272813
728.466823739
709.5477716
695.675615681
682.705766034
664.599792984
651.816453978
639.503893314
626.637958249
616.174182382
605.857100038
597.144714037
585.498569606
571.526426502
560.813867985
550.759455252
541.508843086
534.470976025
522.443092044
514.318232914
504.969373101
496.245292848
489.844275842
482.257410238
473.185656173
465.841373723
458.426291263
451.185288622
445.126108821
438.998782971
432.367977566
426.594550495
421.098858246
416.531822802
412.085430104
406.698917379
348.401644381
296.272376388
259.38180912
231.261876476
210.17696605
194.654521415
178.389087886
165.504370313
155.044321438
146.813703201
139.524819605
132.116657788
127.066906009
122.536975846
116.819503059
112.251033998
107.961829131
105.767333056
102.315950808
100.541551355
97.2680632506
93.6422493977
91.8390049816
89.5992367191
88.0194912058
85.7908121801
83.1175973929
80.9943782313
80.2275045166
78.0745331094
76.8597661333
75.3120630602
74.560501202
73.7087413353
72.7889250789
71.7470218233
70.1921782382
68.6638717858
68.1733284563
67.0201093116
66.4044944948
65.7322643972
65.2511438305
64.8501302429
64.2166100126
63.334242813
62.7108307639
61.9360805635
60.857848472
60.1632840736
60.000166998
59.4576065108
58.6386620147
57.9134749856
57.6814772454
56.9334114393
56.2819529306
56.4366641564
55.9423790655
56.0199545354
56.3480303505
56.5544208863
56.3759454206
55.3657224497
55.052031174
55.2909787507
55.0358941399
55.192546404
53.7093810722
53.1447652644
53.084309268
52.5671127687
52.4736744175
52.2980463206
51.7389625292
51.0383157549
50.9535723303
51.0558077309
50.7172337226
50.0416859418
50.4127690967
50.5165261641
50.4429077072
49.3209529634
49.1098418971
49.1565757343
48.7151884569
48.7240609788
48.4612636383
48.7504078422
48.1886908911
48.0616119998
47.4477923101
47.6406872458
47.6714265946
47.058893839
46.7592238833
46.5279881381
47.0475464782
46.5444164862
45.9157644432
45.9975768913
45.4535681417
45.2452557012
45.0382410348
45.0359722838
44.7103963329
44.5548418302
44.7696682988
44.9836412932
44.6207158268
44.6503649282
44.5613947519
43.7972169794
43.6345934348
43.4416517566
43.6898115931
44.2988279225
43.5095129086
43.7388059883
43.6278777691
43.5562859266
43.3885184807
42.849828777
42.5223243505
42.2949816674
42.4147339134
42.1751553975
41.7187352063
41.9355887471
41.2822261684
41.4910440566
41.6715305426
40.9325853197
40.8676278086
40.4651692
40.0435525697
40.0747573627
40.5840687923
40.5312959823
40.3159134037
40.1510113166
39.857969532
39.7897144857
39.9099171154
40.5074216023
40.4329290442
40.4502770343
40.1504026591
40.2737414956
39.3523411763
39.6758741035
39.469569702
39.1840193346
39.055115958
39.4710130533
39.0163104935
39.0033621782
39.1197725603
39.2294912937
39.3673337988
39.1666062805
39.0900583174
38.8722744495
39.0997999138
39.5670692889
39.3589069025
38.7565204483
38.7977745952
38.5213474069
38.6137160832
38.2589452033
38.2047657724
38.0694596111
38.3527002165
38.160304702
38.025139558
38.0875686988
38.4733533503
38.6512480639
38.0147901334
37.9103038446
38.1650708971
38.1206498656
38.2379042036
37.6495540703
37.5827613188
37.1007388017
36.6626766167
36.8528435759
36.7720410439
37.0375040021
36.8779670682
36.63878079
36.1071170493
36.7760218678
37.2754067477
37.548891653
38.1996319792
38.4488640614
38.323323925
37.8960828187
37.6230954
37.8568750774
37.6225522282
37.9240790493
38.1913599673
37.4839095559
37.939022005
37.7851280216
37.5380919713
37.8050717488
37.1393117923
37.5019115574
36.9617823965
37.2396732533
36.6378746645
36.4543158907
36.6885183117
36.0240217942
36.0537302901
35.6509201733
35.5987967628
35.6062096758
35.5571736795
35.6654975375
35.3568184658
35.7569080865
35.6060924115
35.8705796862
35.5779075109
35.0227878348
35.1831797683
35.1175312614
35.3486595755
35.2463898044
35.0448445803
34.7770357644
35.1079307407
34.9677659808
35.2366870214
35.1381141298
35.3248273207
35.6248999353
35.1479377165
34.7878682823
35.0983915617
34.9868538245
35.3007101042
35.4126636709
35.2550601729
34.24720346
34.5490163989
34.9234934464
34.4632191467
34.6008977744
33.9547451728
34.3301669135
34.5104036109
33.9846764742
34.1730759389
33.9547088429
34.0046391962
34.0414431413
33.6089853239
33.8034132735
33.4512378289
33.5980667128
33.6503547572
33.6072887855
33.7824713336
33.9420721503
34.151534939
34.009081181
33.9847690423
34.3416203988
33.7983573333
33.6294973906
33.5949173612
34.1619166484
33.6373215192
34.1892716957
33.7352125991
33.4630100666
33.3127423643
33.4086640206
33.3344626106
32.8037610748
32.9608336466
32.6266494361
32.6767407245
32.7213127463
33.2644705795
33.1180748238
32.9855985174
33.3143657511
33.6933808902
33.332453686
33.1415552754
33.1097624629
33.5405020946
33.2305816866
33.5936472492
33.3817219164
33.2160584144
