12018.4783504
5928.14030231
4009.18849742
3053.87822393
2429.42636206
2064.02076122
1851.9810117
1617.75272687
1429.2223988
1293.35228051
1189.31634724
1095.55019703
994.45109069
936.066308908
883.618000347
841.592690417
793.617244878
751.315232367
725.303228105
692.737626272
665.747948512
645.132375433
615.856043743
595.815613636
573.168600037
551.574156179
533.031672349
514.007215238
496.729836615
481.367977918
463.177020709
447.491567307
437.124492368
428.891786348
414.803705213
404.087830114
393.544514859
383.603475791
376.14770678
369.165565995
363.601312852
353.395837771
342.490938083
333.874147589
326.177219539
320.057132253
316.242715544
306.210997428
301.558915843
294.404425176
288.09815393
284.752205115
279.424930889
272.779238326
269.240256193
264.41840625
259.831258217
256.272720502
252.874447057
249.121525169
246.370088891
243.647253811
242.072090758
240.111413137
237.036312176
202.798972532
174.801982316
154.700996095
141.263010771
129.902181205
122.541296785
112.664532953
105.826454905
100.521614754
96.9182427704
93.4809612176
88.5801558035
86.7227760053
85.0667929365
81.5346710847
79.2885618278
76.7115427004
77.0725232024
74.3531971842
74.4177489846
72.2944919757
69.2596639892
69.205773076
68.3936239569
68.0716271142
66.0556323224
64.8297008155
63.0172553974
63.9806454014
61.6885255088
61.5735944137
60.7478580911
61.0065564022
60.8285816079
60.1573667151
59.6520245695
58.3014240094
57.1339312733
56.9990596839
56.3234178565
56.2533591573
56.0816195233
55.9633739068
56.5433513609
55.7468184521
54.8269553198
54.4635178924
54.2112393054
53.2658280004
52.9563976106
53.4352129851
53.4786048033
52.4578006474
51.7366497722
52.0610669242
51.7886214103
50.878273149
51.9323745146
51.081104786
51.794759411
52.5747887377
53.0802290242
53.2370605931
51.7782901744
51.6749062833
52.3855626033
52.3977603696
52.8657512148
49.9074894678
50.3993644796
50.6050891911
49.9316085011
50.6036634206
50.2654674668
49.7292386172
48.6073003974
48.9331597642
49.6000621253
49.0265813611
48.047042919
49.1103627428
49.5857866451
49.2529373276
47.4479804758
47.8513626043
48.3474421567
47.8643537952
48.0254719941
47.4682319285
48.3347061686
47.2934192402
47.521259751
46.947816442
47.2374069194
47.5850972193
46.6458219552
46.5568014872
46.3669510951
47.499718155
46.6856049384
45.4391547471
46.1089175959
45.1967727617
44.6574188937
45.0662871453
45.386655377
44.7381253212
44.8030790148
45.0974650271
45.9144454919
45.1609911747
45.6376460614
45.6288289445
44.8751998612
44.5606087207
44.633858184
44.9369411616
46.0237105424
44.5549665871
45.333580058
45.1589173411
45.0283889831
44.9406752774
43.9105014564
43.3157278312
43.3115307835
43.5530661159
43.5926413915
43.0408489286
43.4111485654
42.4350750781
43.0873055663
43.449942827
42.099291389
42.4957737468
41.5963417167
41.1248672056
41.6513777206
42.6840171066
42.3505231187
42.3719712597
41.9835134326
41.6082532473
41.8171719894
41.9962245027
43.0614171968
43.1826447748
43.1462662453
42.5622948282
42.9330987346
40.3157428694
41.9063163851
41.8020731597
40.9480762416
41.209033505
41.7848679104
41.6510776388
41.4494019328
41.6037141482
42.2073289202
42.3136782009
41.9239631473
41.4039310659
41.5276851416
41.7595949433
42.9004000697
42.4854014413
41.1708761173
41.2852431074
41.1834392484
41.4031760292
40.8775069651
40.6799807144
40.8357824386
41.5716193507
41.0612971961
41.1345468311
41.0210002815
42.068284572
42.1629853223
41.1493883741
40.758917159
41.6873144306
41.4710167379
41.5374195364
40.5882532832
40.6700022787
39.5054820589
38.9384645359
39.5351378346
39.5317128262
39.8555818419
39.924077972
39.2843486424
39.2561931988
40.5767437246
41.7560409364
41.9086907146
43.0801456741
42.6953647425
42.0968980958
41.2261596464
41.2052870132
41.62255644
41.2868867688
41.6850335058
42.4325977841
41.0464215726
42.018776378
41.3603009152
40.894513686
41.3104364904
40.6085998071
41.4633050432
40.4073660661
41.0477665845
39.3658233089
39.7566996536
40.3895429822
39.1470334905
39.2865926559
38.6868931538
38.598343898
38.8432561627
38.57898397
38.6084569048
38.5936932113
39.4873473217
39.3030078701
39.693373082
39.0462860135
38.39219904
39.1000645095
38.7889902252
39.0916330015
39.2038373873
38.3108111239
38.0642997467
39.2784894507
38.716451245
39.1852865964
38.4590081338
39.3549956743
39.759259972
39.0397490461
37.9780654755
38.4249970346
38.5452670375
39.5236273867
39.5244849319
39.1174125211
36.8671791176
38.2683866581
39.071102901
38.1118460352
38.4339102195
36.9251601225
38.4195708101
38.590168136
37.5003538756
38.0903463233
38.0882334318
37.9000599494
37.4990609983
36.8022154663
37.6813907345
36.9102685655
37.2703912039
37.2770819898
37.3306585504
37.532889642
38.0864280558
38.4352682037
38.1227713375
38.4993314066
38.888900367
37.5063679146
37.2778445199
37.4119896175
38.5183573679
37.6591588229
38.9612402852
37.7665049991
37.394249858
37.4290527474
37.3298742418
37.0554513414
36.4434911479
36.8855946417
36.1781615822
36.4532945778
37.0723478982
37.9710035896
37.2588325582
37.0428634767
37.5572919787
38.1254943831
37.6553094905
36.9914166167
37.4744755446
37.7272856826
37.4014892115
38.1761054781
37.5858490552
37.4579033102
