25089.1059995
13024.2660845
8900.44965153
6803.13598838
5472.82179614
4703.8798666
4243.04410233
3768.77067026
3367.12144541
3079.2065444
2838.82569344
2595.34956998
2309.61312592
2107.54172825
1911.62076136
1741.53384548
1581.06328119
1444.54135395
1349.74166816
1253.30315539
1178.0685911
1120.18463047
1061.10542521
1014.14013327
966.11709782
925.25227621
890.314862313
858.552221046
829.297208804
800.574198307
770.123036469
741.504514505
720.971978207
706.095812117
684.511941978
664.543429875
646.110726623
626.531712987
613.841942615
600.996669749
587.524260174
573.712899235
555.002333806
538.647538372
523.212559931
511.218195425
501.710765682
486.769302813
475.519439632
463.136566921
450.971438348
442.826730504
435.615590068
424.037003234
415.576445929
408.106808329
398.249105619
390.868978166
386.819028843
379.966417251
374.898725479
369.338173942
365.298160088
360.548750519
357.788333247
302.564539789
254.903714862
225.265301738
203.496570409
186.718583168
176.123461087
161.033438068
150.423930825
142.174417672
137.684437995
132.306608794
126.195731417
122.440989667
119.800725848
113.944711733
111.846591614
107.4047842
108.651780069
104.727852492
104.331302323
101.651191388
97.0382417883
97.5059341368
95.6491161694
95.0218152581
93.8092066764
90.3304152741
89.4107439288
89.8936299528
86.2699839255
86.1749604223
85.3868499872
85.4833468551
84.6629046751
84.3290180148
83.2956438852
81.1137063939
79.5170807117
79.7841845463
78.2454811206
78.6429099931
77.9033784951
78.3556009864
78.5246387198
78.4048509985
76.82418726
76.0757221968
76.0101075042
74.2218141332
73.7984386631
75.2445548968
74.4359369454
73.1685862637
72.0571072199
72.7703138133
71.5482703703
71.065247763
72.0499668138
71.7221966906
72.0056803955
74.2483815556
74.0692153464
74.1214588695
72.2697080948
72.2456672573
73.1295340785
73.1345674411
73.278964349
70.4342927671
69.9518361706
71.1948819303
69.7001797732
70.4538755411
69.8662258335
69.1607108224
67.9675030746
68.0088429539
68.9027492376
68.5901792366
67.246098601
68.5374613069
68.9226983866
68.9790128237
66.0152424759
66.6967277668
67.2427275166
66.8383546722
66.9878663056
66.2030788761
67.6396360607
66.2087842784
66.0272230239
65.2149854706
66.2945309374
66.8791046732
65.0805067642
64.7401134703
64.5096483272
66.433750454
65.2825689196
63.1875335103
64.6119244667
62.8222078288
63.2500899875
62.5832324357
63.1732325702
62.2326922058
62.3721303631
62.9486616593
64.0406805403
62.8261689898
63.6593067618
63.9899177125
62.2533366564
62.4499394789
61.5963745854
63.1597751682
64.5048102165
62.0613908387
63.1636021131
62.7531059651
63.0361568828
62.7186028037
60.9154238691
60.3743028623
60.3344166743
61.0810117079
60.9254216334
59.9403694022
60.686315073
59.077748626
59.8521631576
61.0923949385
59.2333951811
59.1929448734
58.4519191326
57.4368631016
57.9829770122
59.3523418347
59.3454107519
58.8158909473
58.313781842
58.0662647711
58.1025911819
58.8217607013
60.4378117151
60.4249485599
60.2455448221
59.2258242444
59.5949886482
57.574222047
58.774029038
57.8786866907
57.1826842959
56.9134280275
59.2607516745
57.733289909
57.4611952964
58.7007469272
58.3795033959
59.0661044775
58.1911818991
58.105207077
57.3829176916
58.5928817489
59.6766543096
58.9764745671
57.2175893637
57.7183815654
57.034071602
57.9894071792
56.9293076493
56.9324589664
57.0748521301
57.5713257101
57.2765629017
56.874045265
57.2458557992
58.877133768
58.8411645624
56.834414596
56.5993064478
57.5360417586
57.5262463499
58.2008867805
56.2046340464
56.7842919101
55.4458020345
54.1274996797
55.0906037209
54.8972758235
55.7195215964
55.5716301447
54.9967833829
55.0402518972
57.319432787
58.1058716066
58.3531867144
60.036015397
60.0073417764
58.9410021724
57.6463120207
57.6448460831
58.119262318
57.8126051284
58.4304815617
59.3732905856
57.2878372778
58.6569983182
57.8334334066
57.1063123941
57.8692957833
56.336018935
57.869748055
56.3669442297
56.8403924369
55.2987321843
55.2734852402
56.2516941937
54.8449289995
54.9851447635
53.9686509966
53.640251993
54.2221551027
54.3236180505
54.6186159374
53.8202107926
55.4066791657
54.9986504941
55.6890360309
54.897017554
53.7140141172
54.4945797606
54.0344664557
54.5829977739
54.8377563713
53.5204894984
53.3582970551
54.4398068734
53.7869483111
54.4668871466
54.3830232666
54.8211673807
55.4185375501
54.4499370337
52.9345469221
54.0445914258
53.7492156721
54.9944698645
55.2887179493
54.5027110737
51.8807287977
53.176245915
54.9471404533
53.1951358207
53.7229189242
51.6826122112
53.3362380386
53.9234564073
52.3338319614
52.9108029683
53.159713127
52.4287221079
52.4107924954
51.9639005637
52.7353492722
51.7398671147
51.9108466898
52.1155120859
52.4977082187
52.8635507313
53.0774505838
53.5900008019
53.545662253
53.7520287941
54.0885530153
52.4783585133
52.2521400363
52.3443310925
53.9691661339
52.5583819124
54.1580778207
52.8827964045
52.0890232025
51.8971856797
51.9683947307
52.2524743768
51.0083424811
51.6313881753
50.6396275019
50.9141050444
51.5060409961
52.7869115278
51.8196784705
51.4838946705
52.3422535596
53.3321454714
52.2908717269
51.5030450259
52.0698746522
52.863159303
51.824328763
53.0143367938
52.3464003853
52.1274631762
