29509.6999247
16722.8186462
11577.1889305
8762.02227598
6918.03102106
5796.42763701
5048.13446705
4359.11768568
3753.30141858
3311.05613733
2947.86869463
2603.75842047
2258.98510656
2022.55889152
1818.15340537
1664.4777979
1519.15321394
1395.54883465
1313.89862814
1231.59569941
1164.75743099
1115.66072793
1056.41136421
1011.69955939
970.901628737
934.752227205
905.462565722
876.986491045
849.118791444
822.997270453
796.347119252
773.742674024
756.932734993
741.362149536
720.118056641
704.871820061
690.454898793
675.136640162
662.711279213
650.507181219
640.012556501
626.57560705
610.387555356
598.021184035
586.372538763
575.769733514
567.539840224
553.949078843
544.500597623
534.068291592
524.318612745
517.214784894
508.932738497
499.031112579
490.821150219
482.753895308
474.923792226
468.426387428
462.049672591
454.901611349
448.658904132
442.871032718
438.170748191
433.602998555
428.143606427
368.926704625
316.165059771
278.369849329
248.98029306
226.771262865
210.421343874
193.129381569
179.387015358
168.240508948
159.465368292
151.674197471
143.734308222
138.342559735
133.496023196
127.343808398
122.440516436
117.81961278
115.486067624
111.769615384
109.877930925
106.343186506
102.417129711
100.481208492
98.065939882
96.3684485035
93.9584629957
91.0538687327
88.7554237699
87.9394039397
85.5995652795
84.2884340952
82.6121737183
81.8083324391
80.89094375
79.8976417781
78.768297729
77.0736425812
75.4077959322
74.8822155461
73.6264976693
72.962602441
72.2344451194
71.7172876265
71.2858478666
70.600311676
69.6393568801
68.9614375087
68.1182103213
66.9396590951
66.1838390705
66.0121263689
65.4219539281
64.5275563996
63.7359206578
63.4873490763
62.6686542456
61.9585287931
62.1346634445
61.5955753457
61.6861750049
62.0531059227
62.2860694029
62.0936143472
60.9859347834
60.6447916302
60.9123758372
60.6355801174
60.8122079367
59.1826764831
58.5638386913
58.5007050287
57.9341596081
57.834394684
57.6447247301
57.0309288394
56.2622627172
56.171587292
56.2870400268
55.9168558802
55.1745395923
55.5868381053
55.7032556925
55.6251004897
54.3903711172
54.1604318991
54.2141126906
53.7297426408
53.7423594892
53.4549501999
53.7759069576
53.1580498896
53.0196764769
52.3450425198
52.5596853429
52.595703002
51.9213229977
51.5924056543
51.3387076533
51.9146019095
51.3611862876
50.6689737532
50.7610822158
50.1619875301
49.9341133524
49.7065840911
49.7061977094
49.3485006252
49.1779428213
49.4173009185
49.6547415104
49.2555449465
49.2895129636
49.1932153938
48.350536725
48.1725183359
47.9606487447
48.2360690537
48.9103168715
48.0397393043
48.2941477111
48.1725808241
48.0953879664
47.9113663639
47.317407677
46.9570436214
46.7068229245
46.8404949522
46.5768422929
46.0733596302
46.3143238915
45.5933635819
45.8247314939
46.0256718492
45.210119876
45.1389279276
44.6959446553
44.2309992364
44.2658932191
44.8297255807
44.7720686043
44.5347856362
44.3536725487
44.0305418083
43.95590647
44.0897494318
44.7506250468
44.6693373639
44.6886411782
44.3581640387
44.4952012926
43.47812566
43.8362188708
43.608840671
43.2943708347
43.1515852004
43.6129692384
43.1109487322
43.0968655126
43.2268132668
43.3482133716
43.5014231512
43.2799254137
43.1962452534
42.9558663056
43.2084887284
43.7251492037
43.4958284254
42.8306445157
42.8770425362
42.5715161271
42.6746174061
42.282843467
42.2238761508
42.0746529773
42.3878812446
42.1761616312
42.0269847068
42.0968918774
42.5235062646
42.7206314816
42.0171507738
41.9025658728
42.1842357989
42.1359198722
42.266230611
41.6160858597
41.5429375623
41.0106493614
40.5262948849
40.737185991
40.6478756342
40.9420267644
40.7658667832
40.5023449877
39.9152742828
40.6553710906
41.2078070899
41.5105552603
42.2304188879
42.5068026579
42.3682696883
41.8962570156
41.5948710416
41.8536888382
41.5951171606
41.9289043604
42.2245718598
41.4427874431
41.9464529811
41.7765705971
41.5036847564
41.7994589282
41.0633149445
41.4649790475
40.8684293571
41.1756053983
40.5110801523
40.307932572
40.5671044962
39.8331491062
39.8663119745
39.4210458093
39.3637566225
39.3721004525
39.3184857027
39.4387624146
39.0974375693
39.5397192204
39.3736015019
39.6664987998
39.3431626283
38.7297796089
38.9071657124
38.8347793178
39.090553098
38.9778372993
38.7546240681
38.4590063516
38.8252361478
38.6704959202
38.9681640862
38.8597227281
39.0663371431
39.3982897715
38.871332755
38.4730275656
38.8172430347
38.6937147351
39.0410542804
39.1652932306
38.9909417644
37.8769108317
38.2105370363
38.6249754096
38.1160973029
38.2685381774
37.5541987276
37.9694321877
38.1689708233
37.5876599292
37.7963175902
37.5550229327
37.6102238765
37.6516292564
37.1734090543
37.3886934951
36.9991495728
37.1615902065
37.2203400389
37.1726437571
37.3666591228
37.5435099025
37.7750890635
37.6180944285
37.5909842959
37.986049739
37.3851225736
37.1987453032
37.1604919345
37.7879661364
37.2079741565
37.8182389739
37.3164537923
37.015409169
36.8494209932
36.9557554361
36.8740846396
36.2870634609
36.4611368957
36.091476421
36.1469081271
36.1962533287
36.7971112939
36.6355358161
36.4890951804
36.8528989154
37.2724658171
36.8730494399
36.6623869734
36.6270994706
37.1039345976
36.761075442
37.1628086023
36.9285958354
36.7453195933
