80286.7320787
61456.519841
49798.2387835
41717.0531918
35578.588888
31375.9700106
28245.5982274
25547.6142124
23123.301004
21318.4305239
19867.5792141
18534.36915
17166.9554408
16151.2759377
15224.3583764
14490.302831
13693.1075738
12932.4989883
12385.4003424
11804.7458316
11262.8790299
10847.2288345
10339.1041308
9904.15903647
9496.1429397
9104.94344584
8758.22464499
8391.23122412
8038.86794161
7708.86139948
7351.41242125
7042.40616791
6779.5883766
6531.40371618
6224.66104453
5986.33231019
5740.67973774
5523.39444059
5303.03073119
5097.07754999
4927.36098143
4724.41286233
4500.59970027
4317.14876383
4150.24150947
3993.186645
3865.29333661
3698.70560173
3574.87016902
3445.62687896
3330.02977562
3234.84350862
3128.29152481
3018.92050928
2929.8299975
2840.50129627
2761.79573871
2693.57400976
2620.11785614
2548.62375099
2486.11734285
2428.58099409
2376.39949197
2331.7450416
2278.8934584
1828.35495846
1516.63742619
1329.90411605
1208.01408028
1119.70856324
1050.47603028
988.893818975
938.938449639
894.364738174
856.711721428
823.3939476
791.276173634
763.885867582
739.631028956
715.31338162
691.860873165
671.539053447
653.075411735
635.260072016
619.942689503
604.031113679
588.158081475
574.3733745
560.562336715
547.994273404
535.064008402
522.772056385
510.112643116
499.046095596
487.804197192
477.055288673
465.90793165
455.17800932
445.051125916
435.298395796
425.631451271
415.852010964
405.738441247
396.582675379
387.341394161
378.767026071
370.400262182
362.55548787
355.106652003
347.810359746
340.768288441
334.261724346
327.8979168
321.591180397
315.635124169
310.04598479
304.745913688
299.380766044
294.657266959
290.098692229
285.509658533
280.941590152
277.048252182
273.169704032
269.683578399
266.577709437
263.549343304
260.623376239
257.284131965
254.13818922
251.532012061
248.704054068
246.251051318
243.132801095
239.980226899
237.21893373
234.461446291
231.983146081
229.483407
226.820429162
224.203197881
221.90574346
219.836153505
217.641374566
215.239684094
213.427193987
211.601537417
209.898081861
207.59351726
205.346431071
203.432157625
201.355177563
199.737376278
197.772001812
196.204815719
194.355767786
192.804936852
190.908761778
189.360300513
187.85679648
186.088657592
184.40250352
182.871619646
181.751406031
180.349605156
178.786277373
177.493640195
175.943378632
174.697195738
173.357109754
172.141652071
170.954697732
169.535535424
168.552765302
167.509308705
166.297360714
165.220349507
164.220051675
162.613723915
161.316065472
160.078469141
159.030719553
158.336053241
157.206316465
156.33838927
155.376297236
154.521084127
153.654055325
152.436783046
151.418904851
150.354854066
149.584626672
148.6443172
147.464335803
146.696981113
145.602844855
144.73436824
143.961865168
142.91513173
142.026178326
141.014901972
139.820089629
138.922509784
138.337824334
137.694000651
136.856593894
136.026638211
135.146447073
134.367575378
133.68530371
133.257102865
132.643988306
132.005462005
131.363599201
130.855064875
129.970741483
129.466545771
128.62294229
127.985257615
127.230037276
126.923868117
126.115464898
125.500774487
124.947456668
124.354502628
123.989124454
123.376701061
122.974958831
122.412839514
121.974496835
121.705554487
121.18490269
120.555576706
120.131418832
119.51002419
119.008030485
118.394149765
117.839680786
117.322891969
116.880771966
116.483699631
115.848757684
115.541775103
115.150626644
114.868696668
114.327617901
113.892664517
113.589038917
113.199883138
112.788791087
112.188358831
111.674423527
111.084823499
110.450945522
110.061583958
109.526508156
109.274830921
108.80947798
108.36209346
107.398289006
106.824374803
106.450178578
105.984192514
105.835031116
105.706238734
105.466162102
105.094046298
104.60726382
104.351307968
104.099341641
103.869775017
103.681318205
103.174656362
103.036048008
102.831408518
102.413185406
102.238383946
101.751080122
101.520604026
101.125616588
100.903902405
100.563101128
100.128065301
99.7534271541
99.3280295953
98.9223227042
98.4776779773
98.0300001432
97.7098457282
97.4108050639
97.1635569294
96.6510732143
96.3842250148
96.1360784878
95.87000005
95.6181093458
95.0285940479
94.5811045487
94.2184917215
94.019561323
93.8167297161
93.5038887826
93.2204056583
92.9389977719
92.7668572891
92.6671046064
92.4576610188
92.1993288651
92.0698144964
91.7952314522
91.3786858656
91.3080953574
91.1171269693
90.8960724371
90.800484322
90.6089167841
90.1787171204
89.8827672131
89.7166419447
89.3759853548
89.1834710521
88.7503064172
88.4971174649
88.3015761994
87.9612318987
87.6954669259
87.3793953287
87.076000115
86.9854897905
86.620684359
86.2936039585
85.9897695051
85.7628688747
85.6398346225
85.3834242407
85.2443218524
85.1442675431
84.9519564039
84.7907865964
84.5646520093
84.5592295563
84.1976311973
83.8963418724
83.6860565978
83.6634872009
83.4405552645
83.3092297191
83.0746868644
82.7494529053
82.5042795373
82.3396083418
82.166138768
81.8417250772
81.6023296332
81.3914321673
81.1604549261
80.8918110616
80.8237514775
80.7168147638
80.6137018083
80.5445423471
80.5239866709
80.3227501973
80.1658962425
79.9259703211
79.9122096009
79.7260734904
79.6692441144
79.6090139732
79.3957210416
