28528.2017856
16077.5675489
11049.3088369
8281.51566872
6446.66391732
5299.36158031
4513.82399598
3775.99504563
3132.24006155
2664.84003897
2301.33870271
1993.87632366
1720.68284066
1544.74837811
1403.35410665
1301.44836371
1209.58214748
1128.99250138
1073.65717871
1018.07518765
972.90640614
938.239954033
894.338350633
860.479310071
829.282835801
801.046475126
778.525178397
755.938383117
733.41982018
711.941341127
690.283050404
671.670161712
657.883777161
645.121105529
627.53786261
614.901068539
602.713969706
590.023072861
579.927972078
569.954302357
561.459164358
550.165474158
536.645588678
526.447205349
517.010349383
508.521454432
501.969543891
490.507818596
482.938182684
474.35253292
466.410357959
460.813369723
453.831771277
445.510939409
438.964611765
432.270334261
425.993958985
420.788982726
415.554599342
409.509106806
404.263972099
399.663660127
396.021351564
392.494564249
387.844902049
337.555886106
292.31771987
258.797363565
232.667387992
212.605411019
197.778552757
181.958860904
169.419376899
159.16029089
150.985984778
143.825726081
136.387854188
131.476386603
126.995077692
121.35264615
116.586093477
112.384949509
110.167486479
106.658366246
104.950070576
101.586933069
97.877449893
96.0543324509
93.8288593043
92.2298284432
89.7864591457
87.2230878969
84.8332166192
84.1881897839
82.0086397857
80.7849340104
79.11288056
78.4279259787
77.5957424258
76.6114689864
75.5788233958
73.9935552274
72.377031338
71.8259193206
70.712152845
70.0206066513
69.3816987744
68.8016469533
68.4943806272
67.7253587165
66.8676439201
66.232283756
65.4051519949
64.3069205254
63.5864959552
63.366277877
62.8777864944
62.03288549
61.2527019914
61.0055189179
60.3047791668
59.550673979
59.771632855
59.1730925807
59.322057462
59.5770979235
59.8836453987
59.7356468954
58.6391687739
58.3076730508
58.5687912629
58.3080338707
58.5429819555
56.8496934178
56.3489431839
56.2315001614
55.7419739327
55.651688129
55.4762838191
54.8924715084
54.1345537203
54.0619138505
54.1743957123
53.7720886027
53.0658977078
53.5000195691
53.6255528557
53.5124651391
52.3434666708
52.1169423842
52.1985978135
51.7076924446
51.7160642199
51.4319964118
51.7482519011
51.1445595627
51.0491579046
50.4178735187
50.587987455
50.5806178595
49.9759372386
49.6949091439
49.4401110283
49.951584387
49.4390050368
48.7776127297
48.8385994812
48.2971352782
47.9853951678
47.8799913136
47.8904784697
47.5095878887
47.3715979986
47.5391935846
47.8046516837
47.4232471464
47.4587987038
47.3463235176
46.5849349912
46.3692076849
46.2447508865
46.423796329
47.087776976
46.2694519553
46.5103235167
46.4079437678
46.3010649858
46.1116271867
45.5848529493
45.2097563856
44.9969758357
45.0643803402
44.8416157229
44.3824826458
44.5921750619
43.9194085833
44.1365301131
44.268969688
43.5016837357
43.4640097236
42.983668458
42.5716119751
42.6454851898
43.1882454516
43.0835756357
42.8956003327
42.7248537067
42.3989005666
42.3522366908
42.439028989
43.0814394192
42.9927231657
43.0547247829
42.7333816408
42.8746899516
41.7958278075
42.1744020011
42.0510785057
41.6786737526
41.626803314
41.9242468251
41.5484262339
41.5385604469
41.5808182105
41.7959362786
41.8972453756
41.7225567335
41.5821392009
41.4195360962
41.5950328837
42.1283439508
41.9384301103
41.2706423057
41.2937969444
41.040089038
41.089990034
40.7395342278
40.6610937983
40.5275406748
40.8738137352
40.6110353516
40.5398243154
40.5388656863
40.9710904364
41.1654780699
40.5274326037
40.370479637
40.6797516535
40.6189947662
40.6971428095
40.1217754809
40.0222091088
39.4589179194
39.0516837277
39.2379934168
39.1931779837
39.4209766228
39.2778796235
38.9725602897
38.4148169247
39.1181796344
39.6949340919
40.0007211558
40.6858810055
40.9082729207
40.7923935767
40.3337805166
40.0598573119
40.3075931105
40.0441228984
40.37671696
40.6674792874
39.9113082663
40.40814597
40.2131461533
39.9821935881
40.2481681714
39.5879184906
39.9395512681
39.3375622554
39.6958715941
38.9529701761
38.833449281
39.0947519226
38.3406791878
38.3845984353
37.9581637411
37.9275029097
37.9158335825
37.8146307721
37.9061731559
37.6535514306
38.0824347049
37.8997270846
38.2002120173
37.8392766006
37.2841542284
37.4878117592
37.4187336452
37.6659796321
37.5448067915
37.3385768563
37.0160533992
37.442431112
37.2606593117
37.5461509551
37.36062278
37.6440701641
37.9681575432
37.4357911999
37.0767174787
37.3415456543
37.2647316718
37.631362326
37.7210392311
37.5702727141
36.4303591277
36.8248186027
37.1920796658
36.7049256088
36.8632709028
36.1505156839
36.6209165805
36.7752600413
36.1915258521
36.4364672519
36.1826059719
36.2743614225
36.2393037097
35.7735357437
36.009608663
35.61754727
35.806997677
35.8305870825
35.7742435264
35.9626348564
36.1564118957
36.4051660521
36.2081486004
36.204532268
36.5950571429
36.0055152688
35.8260429298
35.7790295234
36.3981589416
35.8261975357
36.454428229
35.9447596041
35.6643943088
35.5199372927
35.6055110446
35.4870437078
34.9340033566
35.1076326686
34.7490445348
34.8124253062
34.8839949308
35.4730579486
35.3039729437
35.1546283494
35.5079043713
35.9069780518
35.5504104168
35.3106604428
35.3081095494
35.7326923611
35.4498944098
35.8273802958
35.5721592887
35.404975431
