14143.8903612
7095.43674485
4896.58788069
3802.0420056
3105.37464754
2705.38940705
2472.87523683
2220.37632426
2004.48018636
1850.46657563
1725.46695686
1603.58325274
1459.45950733
1367.54864522
1279.98946303
1203.28752816
1123.81583906
1052.23306944
1002.8205024
947.268033742
901.607099964
865.671938694
825.141196963
794.233930933
760.770495955
731.142350538
705.388227105
681.109980637
658.970083145
637.936931722
614.37996095
592.611389956
577.202476706
565.577966075
547.753034024
531.950325804
517.058516224
501.929533646
491.311017015
480.947975843
470.932553926
458.896678774
443.864746408
431.122094484
419.280594126
410.028847213
403.182195191
390.812925977
382.701720002
373.093143301
363.921148024
358.193130874
352.225617424
343.241835286
337.207759121
331.249666289
324.048160849
318.657723704
315.176950307
309.91584996
306.030434227
301.904987524
299.092258153
295.730569285
293.0246532
248.783728606
211.096583123
186.609587467
169.145354083
155.302613868
146.493907651
134.183461058
125.574765903
118.884241507
114.97083447
110.619711178
105.294194041
102.464842584
100.344424053
95.6820427175
93.643787718
90.1517550897
91.0004755617
87.7443683588
87.5485154722
85.2232837784
81.4564589735
81.7060697204
80.3458746158
79.8708313588
78.419590636
75.9820876774
74.7727536242
75.4193296345
72.4912783066
72.3957297195
71.6381610594
71.7949064621
71.2618836422
70.8205819712
70.0439858025
68.2904107404
66.9431766342
67.0447294158
65.9161926727
66.1179561958
65.6325017036
65.8483514779
66.1652249691
65.7980926903
64.5514952311
63.9886045093
63.8569512262
62.4807451854
62.1248619294
63.1314859267
62.6890477518
61.5802528024
60.6754722422
61.2063092647
60.4060717419
59.7902312077
60.7511647508
60.2428119817
60.6762572162
62.2514916134
62.3431475017
62.4320664845
60.8240582083
60.773013753
61.5469155246
61.5559271936
61.8169417347
59.0741029666
58.9857400447
59.7754552173
58.6665659221
59.3508436025
58.8897301102
58.2847454905
57.1803765034
57.3268990003
58.0913208464
57.6960966352
56.559088371
57.7003160678
58.0995644404
58.0057097842
55.6320044545
56.174891661
56.6739065578
56.2603358306
56.4082723551
55.7503346656
56.8970530103
55.6891043428
55.6701122274
54.990286391
55.7168430312
56.1820822139
54.8007102179
54.5727532873
54.3710864507
55.8968142144
54.9324010732
53.2655007815
54.3323606815
52.9654963939
53.0061472314
52.7807955963
53.2395166983
52.4578482768
52.5631507279
53.0018263759
53.9361742407
52.9576866561
53.6136685305
53.8010065739
52.5224416645
52.5163537367
52.0569271494
53.066154265
54.2458228035
52.2937998572
53.2182771937
52.9175673516
53.0300590145
52.8158581025
51.3972763485
50.8631281082
50.8392741926
51.3566640608
51.2837484962
50.5125656604
51.0784232033
49.7918955783
50.4797303693
51.3251997702
49.7524611829
49.8801842728
49.1159119347
48.3604116872
48.8709249036
50.0430890576
49.9132610697
49.6199284029
49.1849674706
48.9029024593
49.0038853828
49.4821380251
50.8073819817
50.8471837612
50.7300886264
49.9275130034
50.2774452576
48.1309609984
49.4212699396
48.8701708313
48.1506798187
48.0957874177
49.6515537264
48.7314836032
48.4987318255
49.2660965095
49.310733888
49.7429166396
49.0964687981
48.849484472
48.4854940539
49.2646362906
50.3158102834
49.7580911899
48.2567039063
48.5845401618
48.1564325206
48.785521797
47.9818636853
47.9077779911
48.0484866756
48.6105992326
48.2494631951
48.0471971187
48.2180138921
49.5456211717
49.5607724792
48.0306912141
47.7485059319
48.6350000811
48.5484173799
48.9593881146
47.4595042644
47.8213005701
46.6154689574
45.6487876571
46.425628441
46.3131383355
46.9062987324
46.847893001
46.2762323722
46.2900102888
48.0908831919
48.9881041622
49.1869810983
50.5923148976
50.4285542453
49.5944119506
48.5247907367
48.5158748684
48.9453325684
48.6431598089
49.1478372207
49.9678243331
48.2526072801
49.4029537999
48.6837569455
48.0906350205
48.6850917832
47.5443095868
48.7443882958
47.4852026402
47.9993406318
46.4818538992
46.6163233792
47.4154210259
46.140417557
46.272004004
45.4650197822
45.2439663084
45.6697156872
45.6267527006
45.8042759362
45.3452297434
46.5901380934
46.287329417
46.8294352802
46.1324037353
45.2097189232
45.9228473582
45.5423838418
45.9706756582
46.1583663771
45.068624051
44.8817257738
45.9595614432
45.3746383187
45.9391243419
45.6161160058
46.2068760441
46.7011341751
45.8760832492
44.6079261259
45.4108366949
45.2872974699
46.3690700286
46.5382416647
45.9346695274
43.5862442492
44.8562159951
46.171406856
44.8086502296
45.2305635401
43.4948264617
45.0048377201
45.4053401464
44.0848482657
44.6387181403
44.7791279911
44.2899143423
44.1290287582
43.6084924579
44.3832904252
43.5228860985
43.7566459358
43.8766296525
44.1134195866
44.3995656616
44.7314206671
45.1562487685
45.013065988
45.2733557033
45.6138649211
44.1701889795
43.9548040984
44.0575846673
45.4057471805
44.2740797849
45.6806083035
44.5000168324
43.9056936267
43.8097897541
43.8124929085
43.8705888829
42.9295660275
43.4520812802
42.6172687956
42.8785198675
43.4510192718
44.5236095324
43.7012708064
43.4276798269
44.1127221995
44.8935865782
44.1207250117
43.4200978337
43.9253912925
44.4746356289
43.7588736494
44.7315009569
44.1252590705
43.9532664011
