31038.804148
18202.8950341
12534.2832599
9244.15767719
6968.99061638
5475.10352524
4438.96387116
3513.75957819
2773.26894322
2285.11095224
1941.8720419
1673.09794026
1444.53796012
1305.76148438
1196.30899247
1118.62441047
1047.00470055
983.753592584
941.493316852
898.237469595
862.715202795
835.841240799
799.84588627
772.552657032
747.08178439
723.653443381
704.934079691
685.406487273
665.952131941
647.6274638
628.456265504
612.201599702
600.301210449
589.096740859
572.866865069
561.48917974
550.202572355
538.919385456
529.441418045
520.172195677
512.61603223
501.860741215
489.064459018
479.539612274
470.793960618
462.826303389
456.847850296
445.904776929
439.004511237
430.93502147
423.566040231
418.451765905
411.764239586
403.915953541
397.962250367
391.650773335
385.9185679
381.163870478
376.12384606
370.444357109
365.617094345
361.407802622
358.076238281
354.957542836
350.449521659
303.910943407
262.99878079
232.322332226
208.745221967
190.536319124
177.038822935
162.766600197
151.545683861
142.289021919
134.843992517
128.437706997
121.694917047
117.338779897
113.318465406
108.352591494
103.900254964
100.247895357
98.1917829472
95.023003758
93.5203158715
90.4769167361
87.157414154
85.5090848211
83.554623404
82.1099636037
79.7724464246
77.6541627377
75.3242551197
74.8394422417
72.9300998019
71.8448501718
70.2732499857
69.7144474662
68.9952456582
68.072820444
67.1819557313
65.7932514204
64.3248494131
63.7778730544
62.8552801631
62.1787053684
61.6504908094
61.0480850959
60.858136825
60.0641013558
59.3504082508
58.7901131179
58.0307105417
57.0766729108
56.433421781
56.1788534893
55.8070638049
55.0627925124
54.3462556962
54.1115353009
53.5601189107
52.8199811851
53.0552875153
52.4463951702
52.6277858101
52.7604313784
53.0997196427
52.9955616601
51.9904092363
51.6880710517
51.9181498074
51.6871972286
51.9484608179
50.3300303924
49.9657373793
49.8070272194
49.4179552938
49.3393968157
49.186503262
48.6714054639
47.9802329946
47.9256712302
48.0230160447
47.6222749597
47.0008069435
47.4158168732
47.535392322
47.3987683915
46.3772244428
46.1691961097
46.2651762881
45.80549042
45.8067415949
45.5460828515
45.830163773
45.2850240222
45.2318919208
44.6868968587
44.8027950185
44.7567538409
44.2588214023
44.0396756428
43.8025667052
44.215099131
43.7774572379
43.1944447022
43.2218638655
42.7719772057
42.4120649181
42.4179317533
42.435154928
42.0636695435
41.9630104767
42.0537022593
42.3196549518
41.9829065584
42.0153020735
41.8967887879
41.26598059
41.0338946678
40.9936342065
41.0738465261
41.6732623274
40.9650004516
41.1731736749
41.0943015382
40.969479259
40.789693335
40.3625153576
40.0046113127
39.840388975
39.8439803736
39.673410931
39.2889496218
39.453563214
38.8765717247
39.0622921723
39.1244564991
38.4605908093
38.4536375033
37.9800102328
37.6462834351
37.7466142975
38.2256906779
38.0883411237
37.9571986463
37.808952893
37.5063461311
37.4866000127
37.5250998794
38.0976697772
38.0092042698
38.1018596208
37.8139339928
37.9467353321
36.9031686218
37.2672483495
37.2428029124
36.8507226602
36.8803833816
37.0119938773
36.7747000218
36.7680915564
36.7311340776
37.0081210566
37.0559090234
36.9350397948
36.7568147954
36.6741381304
36.7681226869
37.2708387038
37.1298716295
36.5145847386
36.5153593583
36.3263749044
36.325903742
36.0392374397
35.9500928715
35.8407436914
36.1860167144
35.9005997066
35.9018192039
35.8395428303
36.2399978127
36.4156251328
35.8861706116
35.7055400443
36.0122795065
35.9454399326
35.9719585285
35.5080044771
35.3936676686
34.850324323
34.5425037319
34.6918458686
34.6885405519
34.8400013522
34.7367578255
34.4204858203
33.9339249034
34.5467143635
35.095729725
35.3782363322
35.976207044
36.1333522583
36.0460136252
35.636673344
35.4087501594
35.6259351211
35.3798422872
35.6831921679
35.9450685737
35.2735286098
35.7226710355
35.5220496311
35.3458816972
35.5639927537
35.0232788467
35.302451219
34.7457078997
35.1175651501
34.3693698068
34.330836175
34.5717291693
33.8633436405
33.9122943252
33.537144623
33.5316031355
33.5034239569
33.3697373113
33.4288480492
33.2725888465
33.6537543385
33.4721190322
33.7535519567
33.3902945752
32.9311032721
33.1399095839
33.0794461277
33.298128696
33.1797108621
33.0046641274
32.6859576087
33.1281563349
32.9379868544
33.188937763
32.9529410618
33.2781192537
33.5679337401
33.0753280509
32.7795097159
32.9541604483
32.923385392
33.2756970946
33.3280423033
33.2098117932
32.1431896264
32.5562859813
32.852145567
32.4239972839
32.5740635465
31.9221987461
32.4002081042
32.5025839206
31.9655475999
32.2209465149
31.9772282519
32.0923849508
31.9946543539
31.5784595722
31.812342087
31.4506182941
31.6471307756
31.6386480509
31.5794766393
31.7469647527
31.9386696287
32.1809385271
31.9661567538
31.9825463307
32.3364570211
31.8057456594
31.6470315451
31.5962370286
32.1563954575
31.6389001823
32.2295523728
31.7558758355
31.5164704475
31.4024309095
31.462764327
31.3227155204
30.844870583
31.0034695206
30.6842111541
30.7488174199
30.8332144386
31.3626945478
31.2013000374
31.0618435316
31.3763335981
31.7243752485
31.4340377253
31.1894521833
31.2149240483
31.559006949
31.3513211171
31.6761854444
31.4242663385
31.2850405845
