8904.0200234
4623.40085467
3439.62636083
2822.54901758
2410.10949533
2169.54341343
2035.21219621
1876.56237262
1725.30101577
1619.4890757
1537.35819253
1464.83824126
1365.23794909
1313.82693755
1266.88076228
1224.92634068
1177.951973
1131.44023116
1100.51120371
1067.09606418
1038.87883641
1015.17244911
983.782647135
960.128788936
930.091396495
900.863914136
872.670214794
843.450947782
816.967296551
791.987730924
761.215783291
732.308151578
710.430014541
694.421712518
671.664940892
651.126355736
632.905318426
614.657556397
601.668859926
589.692726237
578.05943747
564.161486894
546.573060383
531.719069158
517.726188951
506.996336215
499.282361949
484.79276567
475.284971324
464.025155184
453.193944521
446.530647726
439.688295412
428.980692909
421.878675497
414.835544422
406.187376142
399.728401413
395.689532164
389.43059639
384.886109017
379.968856637
376.658876394
372.587997346
369.497295777
315.493494474
268.921923406
238.390205483
216.512549415
199.070343967
187.971023703
172.323007664
161.363321023
152.844254589
147.873949896
142.322819613
135.513536378
131.901234687
129.199170262
123.219990259
120.620628207
116.137803095
117.249275691
113.066981177
112.828578084
109.843239987
105.000141098
105.330828867
103.586144905
102.981933077
101.119173327
97.9803741039
96.4323232587
97.2723903482
93.4997676993
93.3816165659
92.4115831408
92.6188434729
91.9346341393
91.3707746761
90.3731098213
88.1142289868
86.3783691247
86.5129678313
85.0592045761
85.3237120296
84.7005624671
84.981333424
85.3943287653
84.9236393502
83.3180283569
82.5937259812
82.4269162841
80.6517563555
80.1944683748
81.4983075918
80.9277127318
79.4991832097
78.3334440987
79.0199951545
77.9879426431
77.1961425763
78.4364271791
77.7837071691
78.3443167604
80.3812027919
80.5006549824
80.6161791654
78.5416708749
78.4774813346
79.4773474653
79.491053895
79.8277968994
76.2882544191
76.1745034739
77.1972225257
75.7639900273
76.6500972117
76.0550250722
75.2749995493
73.8492551217
74.0391977157
75.0269103601
74.5176540431
73.0499932965
74.5250616927
75.0408191087
74.920357612
71.8561611164
72.5583322491
73.2022841529
72.6694264753
72.8613904749
72.0116620229
73.4944380955
71.9347907146
71.9100080112
71.0332004604
71.9726086276
72.5736148043
70.7910519551
70.4973683801
70.235379958
72.2084884941
70.9619907157
68.8086771575
70.1875520529
68.4226454328
68.4749590792
68.1833296278
68.7767405129
67.7673429539
67.9033620587
68.4716989192
69.6793991293
68.415390042
69.2638960328
69.5065627829
67.8551824586
67.8473538218
67.2528935966
68.5571688417
70.0819633744
67.5603881401
68.7564475249
68.3672929417
68.5131668413
68.2362188499
66.4028581102
65.7146254575
65.683447359
66.3523529401
66.2580454938
65.2629570035
65.9944528167
64.3320781741
65.2209228195
66.3135281945
64.2813944392
64.4467688493
63.4606711255
62.4824676046
63.1433330734
64.6581427685
64.4903772415
64.1122203105
63.5505608094
63.1859248277
63.316348881
63.9344656163
65.6473189219
65.6981450172
65.5478307563
64.510385647
64.9638899477
62.1902285786
63.8579215951
63.1452628491
62.2165211448
62.1445648963
64.1554795691
62.966379738
62.6659880553
63.6580885457
63.7144854124
64.2748082167
63.4391500352
63.1215153605
62.6495141322
63.657216776
65.0149134788
64.2943436745
62.3550065844
62.7791875397
62.224839035
63.039513679
62.0004522199
61.9047189106
62.087357369
62.8125211319
62.3452255556
62.0853256799
62.3052863651
64.0219087174
64.0415169409
62.0636815972
61.6994127684
62.8455267682
62.7332713215
63.2635020723
61.3266246297
61.7944963869
60.2361894732
58.9876768242
59.99049679
59.8452191941
60.6125240352
60.5363827027
59.7988764848
59.8173216334
62.1450134093
63.3038713559
63.5605501852
65.3765068138
65.1661538951
64.0869230502
62.7054979199
62.6940448688
63.2487127523
62.8590770035
63.5117363752
64.5713556572
62.3556642777
63.84067947
62.9117081689
62.1457438174
62.9133447265
61.4376905148
62.9899161078
61.3628718997
62.0270766794
60.0666570039
60.2398020052
61.2726651174
59.6256473833
59.7971148048
58.7528020332
58.4680959902
59.0176897058
58.9639399099
59.1924475166
58.59799049
60.2077568303
59.8170255294
60.5169297554
59.6171088031
58.4231828454
59.3460963459
58.8534826054
59.4075740274
59.6495481382
58.242007971
58.0009882615
59.3941729015
58.637408502
59.3672287597
58.9502616835
59.7128369491
60.352226341
59.2855421552
57.64727243
58.685272626
58.5251395374
59.9239052881
60.1418851535
59.3623674635
56.3271743644
57.9674488805
59.6675909365
57.9065082156
58.452710637
56.2092568826
58.1611711341
58.678566053
56.9723363941
57.6869203941
57.8683437025
57.2359819446
57.0290317167
56.3567711333
57.3578616937
56.2457775527
56.5482078024
56.7028718372
57.0091589218
57.379782099
57.8087514934
58.3578123172
58.1718099478
58.5083179607
58.9476208745
57.082866999
56.8047443162
56.9370642795
58.6787674065
57.2173173552
59.0345347985
57.5087547897
56.7404293995
56.615810679
56.6215475561
56.6958495389
55.4801240888
56.1558552229
55.0763831089
55.4144648844
56.1542771314
57.5397288967
56.4763985141
56.1230016221
57.0088055516
58.0185508627
57.0190689653
56.1133516845
56.7670549055
57.4772797093
56.5506945436
57.8082261464
57.0258167795
56.8024064093
