17748.1760755
9178.88129949
6244.57906719
4753.63692413
3796.50648063
3232.59327597
2887.34359629
2517.92670709
2202.10099648
1961.39147197
1757.12169999
1562.75703179
1366.25247006
1236.85394516
1126.85000847
1041.73453125
964.393444848
898.603930958
853.989810302
806.936289968
769.672705106
740.31882948
706.393262767
680.598121385
653.161420447
628.724621335
608.009035056
588.111049085
569.979840181
552.931106884
533.97417351
516.804863233
505.261943802
496.843234684
483.209772675
471.607646503
460.453870523
449.288277886
441.826908246
434.432549644
427.399370139
417.614381507
405.947492593
395.649744316
385.902987257
377.881818313
371.902105362
360.842061846
353.646681047
344.112167859
334.971529611
328.623582546
321.992701878
313.001100615
306.731285872
300.336590861
292.785367673
286.84246025
282.405291452
277.295985032
273.445881201
269.007095156
265.722647524
262.088025778
259.099633349
217.346135774
183.319250052
161.265899623
145.636652565
133.349549211
125.483689284
114.716260696
107.181910599
101.318670675
97.8553704043
94.0478878552
89.4286581173
86.9477083288
85.0784869495
81.0669559953
79.2786392565
76.2791946668
76.9512185678
74.1605139538
73.9614294237
71.9660896114
68.7595493339
68.9443675325
67.771446309
67.3479929813
66.1012617401
64.0320967334
62.994640357
63.5233934785
61.0445579028
60.9500465058
60.2972781139
60.4160211633
59.9560465249
59.575751836
58.9118034159
57.4316698688
56.289067734
56.3662073453
55.4104984052
55.5722785299
55.1586033525
55.3322066167
55.5936048164
55.2771022613
54.225518301
53.7474138371
53.6324803333
52.4717124744
52.1677026322
53.0084423319
52.633581182
51.6981673172
50.9352155706
51.3766694944
50.7029585274
50.1811708509
50.9837354677
50.5546359792
50.916556793
52.2335835207
52.3077910906
52.3802783626
51.0279267067
50.9837506894
51.6295437822
51.6358945538
51.8528037746
49.5485414345
49.472661202
50.1325214986
49.2013273121
49.7750613454
49.3853759915
48.8766952294
47.9488835983
48.0703056462
48.7102045006
48.3772211133
47.4210119289
48.3772943093
48.7104281082
48.6310134746
46.6394876426
47.0932737648
47.5106395594
47.1627511934
47.2857103135
46.7320491768
47.6929580826
46.6788995926
46.6625077002
46.0916514522
46.6999867431
47.0885438679
45.9302566462
45.7394203579
45.5682282233
46.8461200002
46.0365957298
44.6401320821
45.5326470424
44.3868782267
44.4182794991
44.229887096
44.6140327153
43.9585023385
44.0456641798
44.4124576373
45.1944054433
44.3739089505
44.9238095372
45.0792347152
44.0084675263
44.0019085845
43.6172213764
44.4605911547
45.4487352654
43.8127269877
44.5877540599
44.3348159087
44.428872695
44.2486971694
43.0601091284
42.6117338274
42.5914550413
43.0236135061
42.962298963
42.317190946
42.7896747323
41.7118072178
42.2877832819
42.9953995297
41.676899719
41.7851234943
41.1438654729
40.5102928574
40.9386598129
41.919748781
41.8095400474
41.5644182704
41.2001644471
40.9632044335
41.0469735799
41.4474818801
42.5563224586
42.5894484085
42.4913778675
41.8191536246
42.1129254785
40.3131309449
41.3940635696
40.9333989374
40.3299363276
40.2839692517
41.5859395816
40.8157200505
40.6211509436
41.261835123
41.3002415875
41.6615869428
41.11916649
40.9128668974
40.6078408941
41.2590182483
42.1399887903
41.6728432267
40.4150662137
40.6898256915
40.3310035331
40.8570718866
40.1841309478
40.1211907973
40.2392817015
40.7101386816
40.4071814852
40.2381134042
40.3800393649
41.4919663124
41.5052218234
40.2235988542
39.986941375
40.7301712334
40.6560477616
40.9996774732
39.7444241707
40.0465858911
39.0373753807
38.2269780991
38.8770554691
38.7833254795
39.279481171
39.2303369329
38.7516804498
38.7641972399
40.2723728325
41.0237449028
41.1907651875
42.3664576065
42.2290727822
41.5304600518
40.6347832032
40.6277035953
40.9863250579
40.7331911686
41.1563441184
41.8427717609
40.4065280561
41.3695288447
40.7663944343
40.2709907446
40.7681467341
39.8121953963
40.8166066527
39.7626219152
40.193391052
38.9217381383
39.0345890885
39.703006356
38.6353297563
38.7463666783
38.0702496762
37.885421452
38.2415445037
38.2056110301
38.3538780283
37.9689151428
39.0116431406
38.7579349197
39.2113016451
38.6277638327
37.8540714322
38.4522290543
38.1334115189
38.4913519868
38.6487065056
37.7361657713
37.5795493843
38.4830933218
37.9927019734
38.4652457078
38.1941454709
38.6883921695
39.1031998466
38.4113226532
37.3505026354
38.0214896022
37.9184752074
38.8251841623
38.9658106299
38.4604287787
36.4937783927
37.5570261351
38.65829773
37.5166989465
37.8706988207
36.4164448659
37.6818363749
38.015964841
36.9105703335
37.3752366352
37.4917265285
37.08261043
36.9473662443
36.5112902068
37.1601615391
36.4394770578
36.6352714836
36.7357802098
36.9338602222
37.1727676802
37.4513817142
37.8071940685
37.6864889131
37.904537398
38.189863919
36.9807866957
36.8000655041
36.8866957652
38.0144365594
37.0672757636
38.2444600307
37.2561921935
36.7586094453
36.6788189078
36.6805935925
36.7289336308
35.9416920211
36.3786172419
35.6796089214
35.8988057186
36.3782308189
37.2756698591
36.5870766816
36.358278989
36.9320402273
37.5854590952
36.9382942955
36.3512583006
36.7747023585
37.2335049879
36.6343886934
37.4495838643
36.9417619976
36.7972628231
