16616.3784037
8574.45775893
5816.94826045
4415.19240582
3508.57323889
2968.16842145
2632.85190077
2269.9334704
1960.73138638
1722.67492757
1524.34029759
1344.95791343
1173.18458655
1062.90911509
972.051540045
903.268294288
841.016357052
787.151292795
750.722229867
712.121444024
681.756972011
657.921244373
628.911344876
607.30956891
584.345829792
563.715048619
546.72041694
529.973137783
514.722210345
500.609759328
484.68582822
470.367643987
461.139564189
454.31780163
442.36600446
432.419966445
422.371612388
412.645965934
405.783980215
398.956378015
392.845309062
383.401455738
372.851642339
363.574664019
355.014733304
348.164672849
343.530561282
333.900103116
328.532054528
320.950496428
313.998415964
309.862712352
304.848024737
297.938674957
293.813721766
289.046180014
283.70872467
279.617391958
276.350727836
272.404282496
269.478579769
266.158734186
263.869175196
260.933844628
257.731911956
209.591251421
173.118775333
152.005866508
137.403071789
125.783962799
118.262099875
108.138019915
101.050700872
95.5276853974
92.1377166615
88.5506377766
84.0739326921
81.8062308704
80.0410873279
76.3209767659
74.4969805559
71.7337107294
72.2626122053
69.6309108314
69.4706227998
67.5481107926
64.5580608069
64.6606736183
63.6167719956
63.2225619678
61.8790314178
60.1039986659
58.9596812958
59.5304206117
57.2400864758
57.1366963449
56.4802565591
56.6099431469
56.2285432636
55.8051648559
55.2109924363
53.8477871798
52.7693292689
52.7915113385
51.9503536205
52.0492871371
51.7070001329
51.8038517853
52.1086284634
51.7102243941
50.7515634716
50.3256712499
50.1861218424
49.1434549352
48.856035886
49.5630436863
49.2962185318
48.4031222064
47.6975819209
48.0822924715
47.5332190395
46.9646430381
47.7628327177
47.273679449
47.6808384847
48.7982278391
48.9532726364
49.0361205004
47.7513345055
47.6963987523
48.3107456187
48.315502146
48.5674778385
46.2833850148
46.3281398688
46.8491515988
46.0325759425
46.5864901902
46.2327904905
45.7516794389
44.8459775163
44.9998637344
45.6007400756
45.2401353705
44.3439721773
45.2561497903
45.5954575783
45.4676001136
43.6492210013
44.0609776027
44.4648818599
44.1128157923
44.2343809717
43.7172068396
44.5924302212
43.6408595906
43.6750527412
43.1418341442
43.6427600428
43.9959649007
42.9613445637
42.8034233661
42.6398812308
43.8004851482
43.0445880684
41.773002251
42.5585977477
41.5383138659
41.4502954265
41.3972032281
41.7411155889
41.130975367
41.2069775822
41.5342785033
42.2697482702
41.5182584838
42.015216944
42.1260250598
41.1932612956
41.1230816044
40.8581764921
41.5334656911
42.4742454174
40.9839348334
41.7058992697
41.4866838348
41.5273833447
41.3786643591
40.3025013748
39.8549503228
39.8389654944
40.2026886963
40.1654655663
39.5832170821
40.0027301979
39.0187389336
39.5710994874
40.1596317166
38.9242729168
39.0837842155
38.4331747569
37.8757277998
38.29452988
39.2197014043
39.0712352755
38.897117057
38.552223997
38.3032708232
38.4066989905
38.7342067516
39.7587808971
39.8075038775
39.7284095156
39.1199686617
39.4087076076
37.5636850192
38.6760946116
38.3187706181
37.7056931617
37.7254536923
38.7893305455
38.2023215188
38.0194111201
38.5165433057
38.6679926683
38.9525837397
38.4788179345
38.2214480659
38.0251209196
38.5460748571
39.4195751923
38.9949784219
37.8115843218
38.0348150422
37.7523417165
38.1799243825
37.5832376416
37.4969699661
37.6142867838
38.1072732205
37.7823328658
37.6742232355
37.7540792107
38.776809597
38.805458707
37.6667318895
37.4145147021
38.1444231871
38.046745124
38.3098846453
37.2027842679
37.4393479901
36.4668448349
35.7619862894
36.3569514035
36.2877798829
36.7148691879
36.6928398933
36.2139114469
36.2165769345
37.582779644
38.3703044474
38.5225164344
39.6172545869
39.4383512154
38.8080151437
37.9783775944
37.9689757477
38.3155293989
38.0625100584
38.451351082
39.1028288877
37.7755816932
38.6739794112
38.1010545319
37.6450762809
38.091874441
37.2532080011
38.1586293167
37.1762446571
37.6199250899
36.3515413488
36.5134181416
37.1286851692
36.0985642011
36.2077761341
35.593304906
35.4405545011
35.7496963912
35.6694320288
35.7827895607
35.50018768
36.4411913333
36.2186691992
36.6285901271
36.07162786
35.3754164918
35.955079173
35.6596230184
35.9816792058
36.1189815254
35.2727293913
35.1084288035
36.0136159148
35.5418200565
35.9813463739
35.6356499589
36.1785059685
36.5622311031
35.912296484
34.9234051001
35.5032463424
35.452751398
36.3119182064
36.4145074841
35.9636444203
34.0732923442
35.1332283751
36.0977611016
35.0721049272
35.3949686605
34.0293250926
35.2541397347
35.5326464904
34.5061360787
34.9638660425
35.048349043
34.7123114706
34.5317997121
34.0721844025
34.7239836205
34.041944367
34.2586011083
34.3327421595
34.4877237994
34.7030607889
35.0185551919
35.3485879548
35.1966222911
35.4321046413
35.7187700233
34.5575558209
34.3795529937
34.4694218039
35.5157531934
34.6513512447
35.7738694719
34.810761667
34.3725190232
34.3216293212
34.3028132894
34.2814875195
33.5839873332
33.9923752487
33.3394701992
33.5545790246
34.0299400596
34.8659709239
34.2200334893
34.00939266
34.5313791202
35.123059055
34.5563449662
33.993416805
34.4006450162
34.7855507793
34.2833602192
35.0340637832
34.5444533716
34.4131580298
