10226.286899
5077.96266685
3551.40556725
2799.34414368
2309.56031562
2028.24512008
1871.79115483
1684.46962501
1528.04450093
1415.80505802
1326.63011649
1237.62487067
1134.59067184
1075.63769981
1019.5962567
973.224811237
916.846573494
868.274159851
839.440700772
801.171027221
769.348272598
745.457656927
711.538161324
689.031084747
663.259056823
638.798394574
617.650166378
596.187951037
576.772655156
559.743613894
539.207558809
521.79404401
510.3513846
501.047805368
484.774045538
472.436418107
460.146006405
448.649706183
439.445701511
430.831058361
424.113641169
411.702442609
398.703703808
388.135788658
378.563034946
370.743280407
365.83066403
353.790591166
348.003901524
339.260032449
331.563883494
327.303808661
320.891600369
312.95716262
308.546942026
302.76541194
297.246175554
292.969210959
288.843123268
284.406671908
281.152358334
277.854387767
275.892831115
273.530131873
269.903781322
229.993589655
197.544602409
174.358727096
158.883337912
145.88584461
137.448805507
126.24678714
118.489648184
112.471077503
108.375821509
104.481835732
98.9635238098
96.8509564443
94.9717869176
91.0022778749
88.4705314726
85.5773529957
85.9622674541
82.9158678816
82.9746711495
80.5960390019
77.2035396964
77.1347988321
76.2204706275
75.8536202922
73.6008938373
72.2295495595
70.2055079037
71.273565536
68.7164039616
68.5845479558
67.6613917297
67.9457259819
67.7439431903
66.9940378681
66.4286028609
64.9223112762
63.6201971837
63.4682328409
62.7140622566
62.6346516861
62.4416613054
62.3087507186
62.9528457276
62.0651206002
61.0401304295
60.6344055345
60.3526957344
59.2991364971
58.9538148951
59.4860611432
59.5333276845
58.3965449482
57.5931594497
57.9537728507
57.6492498626
56.6358620916
57.8085322475
56.8608328175
57.6545767397
58.5227582724
59.0847043214
59.2588635067
57.6347517498
57.5194239603
58.3100381745
58.3233489595
58.843704936
55.5513835287
56.0982826904
56.3273547043
55.5774200338
56.325147627
55.9484244379
55.3514046903
54.1026849871
54.4649890213
55.2071335057
54.5687651527
53.4784044779
54.661704618
55.1905811011
54.8202631635
52.8111016756
53.2599456326
53.8118929461
53.2741908689
53.4534028025
52.8331203072
53.7974935025
52.6384422675
52.8917884179
52.2534641617
52.5759316279
52.9628528036
51.9172603462
51.8180480029
51.6066900768
52.8674792782
51.9613616056
50.5739512467
51.3194499374
50.304057848
49.7040708729
50.1587346328
50.515344681
49.7934961813
49.8658104035
50.1935012675
51.1026792178
50.2640303558
50.7945940126
50.7848711997
49.9458614661
49.5959424999
49.6770635579
50.0147902739
51.2242861119
49.5894847804
50.456062672
50.2616118584
50.1164812614
50.0187891419
48.8720825753
48.2102434752
48.2055304769
48.4744902977
48.5184749408
47.9042706594
48.3164793237
47.2300319702
47.9559056155
48.3596116573
46.856368632
47.2974560624
46.2965959785
45.7717887339
46.3577077532
47.5069746421
47.1359434149
47.1596160789
46.7272642984
46.3097147981
46.5421467868
46.7415830332
47.92714724
48.0620202374
48.0214845468
47.3714828307
47.784118906
44.8714923429
46.6415732472
46.5253078949
45.5750446103
45.8652290091
46.5066182037
46.3573455538
46.1328777229
46.304961414
46.9764085573
47.0949975405
46.6611444249
46.0825634458
46.2199752048
46.4784240726
47.7479781925
47.2860482586
45.8230102911
45.9504030153
45.8369029486
46.0817211012
45.4965675324
45.2768301902
45.4502288099
46.2690146678
45.701208206
45.7825300343
45.6563809277
46.8220545648
46.9274005602
45.7989940057
45.3645477958
46.3976849405
46.157105734
46.23122429
45.1745822334
45.2657455703
43.9697133752
43.3384508926
44.0025852221
43.9986993587
44.35929696
44.4354535627
43.7235590199
43.6940520511
45.1639948468
46.4763269194
46.6462418727
47.9501253452
47.5220129583
46.855845858
45.8866475756
45.8634384221
46.3278431232
45.9542971792
46.3974876518
47.2295314349
45.6866303537
46.7689170946
46.0360511121
45.5175927711
45.9805870369
45.1992247387
46.1506789526
44.9753703765
45.6880013246
43.8162300887
44.251129439
44.9555582189
43.572706788
43.7280424377
43.0604994358
42.9618747768
43.2345720718
42.9405644355
42.9734287252
42.9567967264
43.9515817967
43.7463665986
44.1809084451
43.4607205767
42.7326222115
43.5204388081
43.1741954708
43.5111051719
43.6360154254
42.6420204476
42.3676999047
43.7189398397
43.093428865
43.6152914783
42.8071848371
43.8042340362
44.2542254748
43.4533899915
42.2716928687
42.7692972506
42.9030150972
43.9919410755
43.9930044027
43.5398495243
41.0353945488
42.5948024882
43.4884732846
42.4206551913
42.779164441
41.0998753193
42.7630797887
42.9531007348
41.7400653869
42.3966732701
42.3944325759
42.1848020805
41.738694782
40.9632131673
41.9416762434
41.0834127146
41.4841460354
41.4916554672
41.5513859169
41.7765117658
42.3924731051
42.7807671177
42.4330609267
42.8521036666
43.2856311576
41.7469086993
41.4925798413
41.6418611903
42.8733302757
41.916933748
43.3661474986
42.0364806477
41.6220607022
41.6607097955
41.5504152474
41.2451670938
40.5639327451
41.0560269384
40.2686155527
40.5748224192
41.2637571472
42.2640091404
41.4713264052
41.2309243576
41.8035725513
42.4360723349
41.9125958785
41.1737064859
41.7113364934
41.9928796986
41.6300415073
42.4922862894
41.8353635233
41.6929459904
