34493.8726759
20625.1674508
14596.0675431
11178.7454158
8895.99323603
7481.79373986
6517.80994131
5623.02384788
4813.45391419
4190.43610183
3646.277291
3104.48476208
2575.05540825
2204.78146128
1901.15628161
1687.58211139
1501.34471011
1355.88394113
1263.23367359
1175.45112641
1108.3563533
1059.99585623
1003.48658046
961.859028878
925.088324019
893.282704262
868.516701313
844.495460466
820.79218776
798.461617202
776.118089856
757.17970425
743.386979136
730.571536913
712.750872282
700.119097482
687.964022331
675.058850596
664.870083693
654.724864148
646.037449477
634.541828125
620.665706523
609.940023852
599.835271684
590.59049262
583.551635541
571.498630946
563.312429158
553.871592168
544.999824761
538.509199149
530.907073677
521.712435756
514.240622683
506.712024764
499.243652439
492.987025647
486.726156092
479.949875192
474.002500536
468.270494496
463.490350294
458.733109686
453.071731328
389.155211507
328.052089298
283.745321042
251.154919663
227.43945921
210.102727858
192.127423945
177.882465676
166.387181234
157.430149781
149.410958125
141.383350605
135.786095726
130.82408073
124.528851395
119.719240244
114.96569582
112.603698382
108.885294905
106.90239335
103.400400592
99.5033605255
97.5543752935
95.0959290857
93.3891970932
91.1260677607
88.1081197781
86.0040297255
85.0710928941
82.7324494195
81.4127846434
79.8215426246
78.9502145444
78.0033800909
77.0513712908
75.9034445164
74.2218451686
72.6156148792
72.1307525558
70.8340054131
70.2231427884
69.4614980533
69.0164509702
68.5034471095
67.9209383865
66.932694953
66.2594384465
65.4522086922
64.2843126721
63.5433750788
63.4140452739
62.7746119993
61.8966540171
61.1454946839
60.9054736054
60.0442408299
59.4131891669
59.5336499036
59.0747693946
59.1052098307
59.5297779059
59.678691929
59.4594415101
58.4183816872
58.0885996934
58.3365303397
58.0617606551
58.1733898088
56.7103487599
56.0381048188
56.0191187054
55.4292783108
55.3245422821
55.1329515787
54.5372315889
53.8130793343
53.7111156836
53.8172665117
53.496371213
52.7773534116
53.1381806515
53.2363182612
53.1884563087
51.9892322211
51.7706933921
51.7960972503
51.3495737782
51.3617192725
51.0901633826
51.3882255546
50.8036616238
50.638948181
49.977089403
50.2094453976
50.2752068986
49.593558798
49.2491163817
49.0134055714
49.5949757863
49.0488636794
48.3816202983
48.4904251682
47.8883827737
47.742770985
47.4331201777
47.4218309531
47.1077549897
46.9227839802
47.1995065745
47.3940363734
47.010095895
47.0385764523
46.9606031801
46.1149957082
45.9796416716
45.7121795208
46.0412479391
46.6717739646
45.8241536688
46.0687731266
45.940175391
45.8906995004
45.7235672383
45.1194447752
44.796652312
44.5347527598
44.710196549
44.4324642366
43.9305980963
44.1773402982
43.471834962
43.696115557
43.9352268609
43.1419947621
43.04888597
42.6678004299
42.1950645488
42.1957948675
42.7325195453
42.7161844505
42.4565029758
42.2801113504
41.9829239021
41.8910384844
42.051391448
42.6756511876
42.6059287854
42.5884673402
42.2752939037
42.3976659687
41.5072198612
41.8205897448
41.5263868759
41.2812415335
41.0770924028
41.6326523899
41.0675428915
41.051228815
41.2398394609
41.2766448832
41.4584883509
41.2165673153
41.1837309012
40.8986471238
41.1929952166
41.6561673281
41.4126683018
40.7994747641
40.8599957752
40.5363722512
40.6733153676
40.2784912616
40.2387568034
40.0874233691
40.3501916307
40.1945386265
39.9946989114
40.115043892
40.5043944747
40.6877260835
39.9858708414
39.913303534
40.1511584569
40.1153973507
40.2770369261
39.6167636363
39.5695792404
39.1025642492
38.5935545953
38.8075185597
38.6893479673
39.0131652256
38.8235552855
38.6137000433
38.0470436385
38.7592172779
39.2492019178
39.525877425
40.2175709635
40.5148048363
40.3689124617
39.9223684485
39.6216303326
39.8689779957
39.6338514211
39.9424945743
40.2191147
39.4763931367
39.9465826686
39.8092241305
39.5236205318
39.8195612483
39.0795710321
39.4896045316
38.9430023975
39.18568006
38.6343800067
38.3799026992
38.6170393592
37.9551440006
37.9769853887
37.5507607677
37.4763521195
37.4998778956
37.4880296231
37.6209882112
37.2355052132
37.6543596834
37.5133256741
37.7773958827
37.5087239156
36.8961740359
37.0383295099
36.9686176366
37.2116473412
37.1135930591
36.8945817632
36.6427134703
36.9322639223
36.8107970374
37.0947706609
37.0561770973
37.1850228617
37.4974942441
37.0148526966
36.6165473786
36.9968374859
36.8457889307
37.1504681561
37.2919795212
37.1125981339
36.1046080724
36.3640758352
36.783989155
36.2972768889
36.4324462316
35.7722389657
36.1111839564
36.3311702702
35.7962743543
35.9597135655
35.7470262397
35.7688620693
35.8672143433
35.4158985112
35.5976298075
35.240259449
35.3686891169
35.4499938067
35.4128673429
35.5958386285
35.7459305094
35.9457407885
35.831908606
35.7887248148
36.1563430422
35.5926050962
35.4153683736
35.3870774251
35.9719807567
35.4304329462
35.9791403049
35.5216627064
35.2273663795
35.0571838764
35.1718383919
35.1253762091
34.5567114415
34.7172704078
34.3674084967
34.4124730175
34.4401836914
35.0035937092
34.8600183125
34.7275604424
35.0713008627
35.4740524298
35.0715242535
34.9007370582
34.8413886227
35.3227831758
34.9587148329
35.3483503787
35.1488980146
34.9666765709
