12551.9116831
6534.76724009
4872.14940575
3998.6144246
3417.50272911
3078.09558177
2884.06831571
2665.14685616
2448.52658818
2296.32790019
2177.55276238
2078.81467667
1939.10960271
1864.83656067
1798.83063441
1738.01687184
1677.69612758
1613.43437033
1566.38442923
1522.29879812
1485.752645
1454.03364895
1416.98261678
1386.89370235
1349.66332671
1315.75805745
1285.60026378
1256.31937739
1231.69065644
1207.29185026
1177.24505429
1146.74316601
1125.47492601
1111.45786512
1086.76223693
1059.85101574
1031.62084522
1004.36916639
982.906461935
961.188702813
939.792069811
915.0649974
887.075975584
858.502951611
831.26821964
809.074575336
792.97145591
770.182497201
752.523651459
731.594373812
711.456895175
697.219271964
685.732892129
667.485884516
653.883796436
641.757094376
625.505125085
613.182122448
605.69726634
595.238830498
587.539496885
578.138660452
571.075504654
563.051077482
558.489741381
470.800373736
396.296950577
349.639547597
315.516342254
289.271307951
272.62953086
249.121402505
232.58760827
219.719412317
212.678250081
204.286675807
194.792246948
188.930710315
184.818449953
175.738698121
172.46197727
165.596970097
167.485374019
161.424076151
160.790141228
156.652352863
149.541053603
150.248985409
147.375047983
146.402080536
144.528884021
139.1672607
137.759118243
138.498567124
132.911032888
132.762573049
131.55199311
131.69957251
130.429821575
129.921273126
128.33174362
124.97368356
122.514550646
122.924986038
120.554194146
121.175772002
120.030903223
120.734140104
120.996424801
120.81885587
118.382800678
117.236611346
117.137441776
114.381477516
113.734139863
115.96437819
114.722558429
112.770391215
111.062682341
112.161981826
110.27818132
109.542127867
111.060300578
110.561558693
111.000156354
114.465872745
114.187239853
114.266368185
111.414816777
111.384551761
112.743881684
112.758416096
112.980898145
108.602336215
107.851708247
109.781145209
107.470429428
108.633514337
107.729236503
106.645132894
104.812024119
104.867217343
106.254363437
105.778214176
103.704118628
105.696779512
106.292811531
106.378871191
101.810053194
102.864453245
103.703076644
103.081180775
103.31487429
102.109609958
104.324810474
102.119204019
101.836176248
100.590951233
102.256673314
103.159528781
100.383257068
99.8607153014
99.5084839466
102.473273127
100.700918215
97.4722927751
99.6691883146
96.9079384945
97.5749343806
96.540551816
97.4524465586
96.0044089983
96.2219053289
97.1082949654
98.7979198769
96.9218702484
98.2074969971
98.7254749247
96.042748546
96.3471165641
95.0270338372
97.4492051601
99.5240051656
95.7443207708
97.4493249697
96.817684433
97.2574678105
96.7668730446
93.9862638082
93.1520961641
93.091751542
94.2426709064
94.0066144154
92.4879158482
93.6368906528
91.1579313754
92.3510933273
94.2688884418
91.3971286065
91.3360231154
90.193384741
88.6322441551
89.4712183316
91.5842208607
91.5747462945
90.7603381463
89.9810875191
89.6021791383
89.6612913376
90.770796865
93.2632849438
93.2490600405
92.9687029428
91.3947518391
91.9641146577
88.8500655548
90.6999553172
89.3152639461
88.2458444329
87.8292795392
91.4534190196
89.0972808725
88.6735423792
90.5943386441
90.0927928724
91.1558373314
89.8032046455
89.6730417836
88.5578218062
90.4287948321
92.1025037894
91.0199885878
88.3068544207
89.0779139981
88.0197148849
89.5010315454
87.8617892378
87.8650206584
88.088100181
88.8498472405
88.3983228404
87.7820601922
88.3537458489
90.8710160617
90.8175988349
87.7158954649
87.352436987
88.8020385884
88.7872812377
89.8304024549
86.7469146783
87.642240637
85.5749223222
83.5433876267
85.0308031358
84.7297564244
86.0025282634
85.7741382668
84.8867179213
84.9514310592
88.4731136767
89.686489855
90.0662834365
92.6649511045
92.6206620319
90.9769001913
88.9761897075
88.9775633893
89.7079481104
89.2362738123
90.195280413
91.6424085091
88.4249014761
90.5408779947
89.269766108
88.1424592822
89.3251118197
86.9564980978
89.3244177219
87.0045385137
87.74182131
85.3602137129
85.3219216512
86.8326823514
84.6591094203
84.8744787155
83.3050434625
82.798729543
83.7011964718
83.8539670576
84.3091971238
83.0756174952
85.5302580507
84.8991022176
85.9650651442
84.7441880625
82.9136651168
84.1200381977
83.4090691521
84.2574833428
84.6496126078
82.6189303202
82.3662161854
84.0397028302
83.0316435851
84.0773939036
83.9531551377
84.6256644773
85.547884428
84.0533175942
81.7145409873
83.4314083775
82.9709572489
84.8950914982
85.3516503825
84.1355994212
80.094083874
82.0870506909
84.8232726732
82.1226053893
82.9335822597
79.7837853014
82.3340156556
83.2446934313
80.7899573285
81.6830484259
82.0645474559
80.9355938124
80.9127624444
80.218887578
81.4125415017
79.8768990926
80.1388424766
80.4574298103
81.042506021
81.6110703548
81.9397553849
82.7296393368
82.6640093898
82.9818962916
83.5030817595
81.0164571102
80.669061246
80.8083724131
83.3179072666
81.1376598409
83.6072041091
81.6414452596
80.4154246329
80.1195267814
80.2289920619
80.6709755471
78.7496331605
79.710817035
78.1780477224
78.6004880777
79.5181356724
81.495171263
80.0025301467
79.4818433861
80.805585462
82.3375045528
80.7273952075
79.5117446899
80.385096673
81.6117249203
80.0089022366
81.8475170753
80.8152550408
80.4751682481
