96372.0414275
60325.7542149
43854.9097141
34255.2199362
27772.0285256
23783.0002882
21055.109306
18714.2814463
16689.6684728
15271.6824996
14171.271623
13175.7267283
12106.6040356
11388.726158
10742.558531
10230.5387638
9675.98640261
9138.30816395
8754.57487095
8355.2150118
7985.79362939
7698.14885972
7325.84510098
7011.59909737
6709.60698154
6413.66161003
6149.80609065
5865.99219728
5589.92721059
5327.99536075
5043.29410276
4794.79280185
4584.61130752
4389.10243028
4149.26262104
3966.13884562
3789.4484248
3630.33989278
3480.13956651
3344.42553693
3234.7002513
3107.58667411
2971.13639516
2865.89593878
2771.22827804
2684.02106409
2617.69457363
2528.88143982
2462.38932441
2395.48254025
2334.9595758
2288.28208698
2239.88601544
2186.12344851
2138.74303692
2095.03098958
2053.01870579
2018.42608905
1983.04568842
1948.71607452
1918.24112346
1887.31136808
1860.42415021
1835.28827494
1808.24357091
1544.32618561
1304.88341592
1138.26723398
1010.28526471
914.109784997
840.732341149
770.317248816
712.638533881
665.659814607
626.536069772
592.756685755
559.734683135
534.018626935
512.103748758
486.968947947
467.484297235
447.000910421
433.292861604
418.503048262
407.303982935
393.689741505
379.626497658
369.322194195
358.443474945
349.934328918
341.268159029
329.410488785
321.626880309
314.61760551
306.146292997
299.358971087
293.257569067
287.282564414
282.378280417
277.650977762
272.756961481
266.746895788
261.201148591
258.120090507
252.757411517
249.670977403
245.729886032
243.371843401
239.53638132
237.378123098
233.448306267
230.552360474
227.370588618
223.505899122
220.345741146
218.453499282
215.365793039
211.9295585
209.641568203
207.658325131
204.177724542
201.957340236
200.597541532
199.197118798
197.867361765
198.05671547
197.154559907
195.932274069
193.560952448
191.853221284
191.422875393
190.137395321
189.353060255
186.89607722
183.824064098
182.730741857
180.72889669
179.62012293
178.50916734
176.471603048
174.478089911
173.487030526
172.911011441
171.97733801
169.887259709
169.651813633
169.195901061
168.941779232
166.497544659
165.05076183
164.146449469
162.824914294
162.599181287
161.403578906
161.335114482
159.941348232
159.125343045
157.239103318
157.000695602
156.898944531
155.119074409
153.74587874
152.943057985
153.766066794
152.427559507
151.00826981
150.631599454
149.10038374
148.903718039
147.381627493
146.726190761
146.20286194
144.991664421
145.579257128
145.213159111
144.338605929
143.910739365
143.514063707
141.148335695
140.623736324
139.435133613
139.788346087
140.565325559
139.260106379
139.146971082
138.607717615
138.442977654
138.151285999
136.552429102
135.806210868
134.690865935
135.041858009
134.14763903
132.652948848
132.821302134
131.265466254
131.125604017
131.536308443
129.888511355
129.172299038
128.614910957
127.06414021
126.423025296
127.054614399
127.224729617
126.340220958
125.720043565
124.950107622
124.418642078
124.587360078
125.327169129
125.185247712
124.667692982
124.149750936
124.165704317
123.048348659
123.124168016
121.70960552
121.729027874
120.490411526
122.038320751
120.278826411
120.071375591
120.455873663
119.79184136
120.375007447
119.590355977
119.88736049
118.95535102
119.387239774
119.900690462
119.276208662
118.431160888
118.414309858
117.490213568
117.568398599
116.740509218
116.533573496
116.092281283
115.965696616
116.112879261
114.951777828
115.508555487
115.59680426
115.922407185
114.74574787
114.664626362
114.638088585
114.487057504
114.755563916
113.411799069
113.097767196
112.516971378
111.27000553
111.440886814
110.754930377
111.592016658
110.922139802
110.86557409
109.22499559
109.823010454
110.460992602
110.576463391
111.798919543
112.749646591
112.669138344
112.118481082
111.224574608
111.5890213
111.484068257
111.731696091
111.995434599
110.894027494
111.410343458
111.597918976
110.689785029
111.174470253
109.738886987
110.269891627
109.61242763
109.507493575
109.380041562
108.203510615
108.121978219
107.412190236
106.984554566
106.249036752
105.759218807
105.777545054
105.848026498
106.089659595
104.816898397
105.091400017
105.129065791
105.136926793
105.185949843
103.76824553
103.324848942
103.196379725
103.479021364
103.474514393
102.98711896
102.79563892
102.424486065
102.670693874
102.987845522
103.257134028
102.805355866
103.276373172
102.807403353
101.874690464
102.846408163
102.406386429
102.350093215
102.779251621
102.504811892
101.435764472
100.92011869
101.437060082
100.792232311
100.77397026
99.8973930724
99.5940267984
100.022565279
99.3775224462
99.0996234948
98.8135915033
98.4653922012
99.2437460027
98.3544251371
98.0992896485
97.767695734
97.6190302178
98.0245929764
97.7506166408
98.0358803628
98.1710453546
98.1885963607
98.2928329391
97.9565407975
98.5779838454
97.6579051728
97.2633730639
97.1622471731
97.8544740625
97.3275422658
97.5714453567
97.1777826047
96.5331957417
96.1581764345
96.266780872
96.3703298444
95.3822489878
95.2852837426
94.8622095943
94.6308676986
94.3029318642
94.9465516295
95.0448055596
94.9797672952
95.3067945955
95.8591079391
95.229847053
95.1988487431
94.6172991012
95.5327086311
94.8504097198
95.352587746
95.453257306
94.9901056379
