47759.0672786
24933.3186346
18632.0632056
15293.3212748
13084.4200959
11790.5857637
11033.3526205
10219.8666439
9381.26059765
8787.96492312
8323.06195913
7961.49888609
7432.04973585
7139.8829429
6887.72004186
6645.75517269
6438.44556897
6195.90163087
5998.26646183
5835.89714724
5700.20251066
5572.80968056
5448.67953204
5331.7034273
5188.71167505
5063.23692591
4950.10889527
4846.3187417
4761.71589317
4670.31027832
4563.81901476
4446.54886385
4363.53878234
4315.13311
4233.20949612
4129.42140902
4021.52472607
3911.4335727
3830.33871899
3743.44331473
3649.46203288
3557.86645565
3446.69698988
3327.83838472
3213.58485601
3121.79373236
3051.98092883
2968.17548765
2893.46665622
2811.82587156
2731.62212212
2673.32460571
2634.78360082
2564.3420023
2508.50236872
2464.22976172
2398.27688564
2349.07964679
2324.95899829
2284.07967587
2254.48769934
2217.33965281
2188.26928021
2155.32574092
2143.05178217
1807.32797897
1514.76143722
1339.52774052
1206.50904956
1106.85339013
1044.4184425
953.381528249
889.044177952
838.948195265
813.87102187
781.097370135
746.85429776
722.311402783
706.178730032
669.896678454
659.794444794
631.945581914
640.847536715
617.595344674
614.298931538
599.133846165
571.353006134
575.303980598
562.868223934
558.878353028
555.166852458
531.032752336
529.067952477
530.147299691
507.948183439
507.595457805
503.743482972
503.824077817
497.817279011
497.143137906
490.456372282
476.984795136
467.724991649
470.231678507
460.002737179
463.377570952
458.001525231
462.008086048
461.692643068
463.121730731
453.189763278
448.3077849
448.552698757
437.044561372
434.622714469
444.815765443
438.25460841
431.125825835
424.383328474
429.135361921
420.211935573
419.033604272
423.827819635
423.71477315
423.947449227
439.625702227
436.663973154
436.66478734
426.117456601
426.298009814
431.274363096
431.324383202
431.132310689
417.067584197
411.751620896
421.151025922
411.151222503
415.18678709
411.516778421
407.472070042
401.231610706
400.571842148
405.816658339
405.012484482
397.138544273
404.374997066
406.066947977
407.495758793
389.074064093
393.372897887
396.283720007
394.491058743
395.195104609
390.563143548
399.526739111
391.155793933
389.008869797
384.221625552
392.035687411
395.670080081
384.052661242
381.620308357
380.342769418
392.398302882
385.604197076
372.504494024
381.932693688
370.277822892
375.299189309
368.773122198
372.566823761
366.90532852
367.86270666
371.612773281
377.980040676
370.466963966
375.708941711
378.431408858
366.737217053
369.255611153
362.19773658
373.855744761
381.439908445
366.167899046
372.711401613
369.929258491
372.596086443
370.337444783
358.911549463
356.333547305
356.001454615
361.296781373
359.942205417
353.705111458
358.530974868
348.568309779
352.853162901
361.718064932
350.78461244
349.339915965
345.985865264
339.282495691
342.120331589
350.058259011
350.973025829
346.696296515
343.786373747
342.907493059
342.633555746
347.84448619
357.65970047
357.200080905
355.879944116
349.432497047
351.297767224
342.844683583
347.734428336
340.885498503
337.827210527
334.908369412
352.015875048
340.187669761
338.591200285
348.091904769
343.725129808
348.926203039
343.04655236
343.874191316
337.75795994
346.767541836
352.088571055
347.697371854
337.481636222
341.155153316
335.966157454
342.968881738
336.046296491
336.623105893
337.348745255
339.145048284
338.272977522
334.853078663
338.153539679
348.143147501
347.592348231
334.499534594
333.752223505
338.537286958
339.10746003
344.316278862
331.113221843
335.499156199
328.19154412
319.325580888
325.294487746
323.750217418
329.387552158
328.008611674
325.271043482
325.688492642
340.086166297
342.92266176
344.451142493
354.489662275
355.392501829
348.612101651
340.807138849
340.858938182
343.407478292
341.975610296
345.760304153
351.10084714
338.460180183
346.579015377
341.91750126
337.443879406
342.337893675
332.120020368
341.925710256
332.967702627
334.904875301
327.500664001
326.135029767
332.119320364
324.488348601
325.21808462
318.797003401
316.446160493
320.403727378
321.974597553
324.245391676
317.891304948
328.013245433
325.282438526
329.671308651
325.234585507
317.659833063
321.842518339
319.053080618
322.580719202
324.284944698
316.349383871
315.775924458
320.864538397
317.314940522
321.381000493
322.859164846
323.709568848
327.325564406
321.664654166
312.646847567
320.223222415
317.487929329
324.599242554
326.96855258
321.864157182
307.463871559
313.730797177
325.579436116
314.374011598
317.633287272
305.712829474
314.59009669
318.787348119
309.2618046
312.159709053
314.145208336
308.825606121
309.877691535
308.355349773
311.947400135
306.232870788
306.534309096
308.16712725
311.051034143
313.428811573
313.489697793
316.582982181
317.141778502
317.671083039
319.268167295
310.418660943
309.262808824
309.612372091
319.376738185
310.597358955
319.587411288
312.876806751
307.608218402
305.978936077
306.853316232
309.917852027
301.768234149
305.446639765
299.574448736
300.954855546
303.887285335
311.522125916
305.852972981
303.80461526
309.172746109
315.440709192
308.465788192
304.112997641
307.228063907
312.866895844
305.49142865
312.743390341
309.129757031
307.765318885
