30969.6281515
17613.8913218
12248.6610723
9319.56363121
7408.57679882
6257.56078758
5495.67812558
4800.95926733
4191.75261313
3752.69344326
3392.34777297
3043.70834203
2674.37821503
2415.01704467
2179.25628637
1993.44333812
1808.12802791
1648.18804803
1541.72384496
1434.59296574
1347.0466429
1283.34498811
1208.8187905
1153.3956385
1103.62251771
1060.09991614
1025.09728332
991.593727908
959.676890448
930.29273294
900.436788442
875.551512153
857.270453809
840.482424424
817.527734256
801.308662807
786.001657715
769.860793557
756.797635877
744.051457285
733.222061666
719.041593264
702.014421991
689.040057725
676.786765733
665.598861667
657.114855797
642.691506907
632.846220864
621.749174671
611.327699336
603.748606284
594.889164285
584.187083275
575.415780016
566.709441819
558.120175453
550.968470976
543.802066889
536.039626775
529.273773055
522.735955232
517.334995769
512.000252026
505.664414797
435.073428897
367.690180803
317.018091727
279.41330332
252.432281251
232.896244093
212.783582496
196.881967687
184.071902097
174.092364256
165.175007189
156.2589514
150.037111492
144.531252216
137.551661139
132.222115643
126.955915221
124.334771699
120.222524497
118.024870036
114.152425786
109.843913706
107.688266212
104.971318424
103.083017836
100.58667032
97.2516690397
94.9298856918
93.8981052716
91.3181961511
89.8609595952
88.1054121078
87.1429294203
86.0972764603
85.0470447047
83.7798101581
81.9251534685
80.1532773189
79.6200443372
78.1891395319
77.5167363839
76.6758357065
76.1868004254
75.6204441679
74.978585911
73.8902654805
73.146877255
72.2578969137
70.968504588
70.1529241901
70.0115952954
69.3071438599
68.338090545
67.5105031122
67.2468312082
66.2970009419
65.602599398
65.7359054629
65.2309529828
65.2655363094
65.7354601314
65.9013281031
65.660195977
64.5115596322
64.1486734105
64.4237493643
64.1216663601
64.2462214431
62.6320144333
61.8903486913
61.8704179201
61.2186691431
61.1062256766
60.8952882951
60.2372986197
59.4386193374
59.3268166011
59.4449685732
59.0918120059
58.2986986564
58.6976267691
58.8071371859
58.7545983198
57.4323713532
57.1908452685
57.2196136135
56.7283594948
56.7419452375
56.4436011066
56.7736148325
56.1279577775
55.9466254726
55.2166658052
55.4735327215
55.5475631791
54.7953896366
54.4153028028
54.155874692
54.7996225649
54.1964022
53.4603363062
53.5804239343
52.9164513017
52.7564155576
52.4140807291
52.4029152831
52.0568293052
51.8533638818
52.1591613586
52.3760580314
51.9515996583
51.984414639
51.897964345
50.9647543301
50.8155102358
50.5201137274
50.8858362583
51.5824312123
50.6466251427
50.9177041218
50.7758304418
50.7218879874
50.5376830464
49.8718917641
49.5152657428
49.2256571217
49.4203122909
49.1139751633
48.5599803174
48.8330766718
48.05341418
48.3021781488
48.567315601
47.691249061
47.5884634548
47.1685446469
46.6461141721
46.6467765591
47.2401946091
47.222798799
46.9366635814
46.7413525436
46.4136290553
46.3126663923
46.490340696
47.1808401839
47.1039134234
47.0858172368
46.7399265352
46.8745477036
45.8914124927
46.238029029
45.9133626406
45.6428312951
45.4169932369
46.0322502088
45.4070369594
45.3897867991
45.5991729522
45.6404527514
45.841882952
45.5743388872
45.5385820286
45.2236609219
45.5497916379
46.0622942021
45.7931211634
45.1156992433
45.1828376164
44.8252565203
44.9772405011
44.5406042273
44.4975206698
44.3303660708
44.6206258352
44.4495009166
44.2285524399
44.3620712874
44.7927117204
44.9958119605
44.2200549114
44.1402320461
44.402929054
44.3640351009
44.5436045261
43.8128063892
43.7618053963
43.2452476024
42.6823672232
42.9194737506
42.7887100653
43.1472441657
42.9380728147
42.70605039
42.0797605986
42.8676440924
43.410248099
43.7165249608
44.4814265969
44.8112097107
44.6497566725
44.1553290945
43.8232299567
44.0973834124
43.8376504812
44.1791583774
44.4853404629
43.6646599025
44.1848626027
44.0328577727
43.7174953242
44.0450348655
43.2263620123
43.6804065757
43.0761489647
43.344231382
42.735092968
42.4533935694
42.7166407419
41.9844482245
42.0090302613
41.5378621981
41.4552973925
41.4819908452
41.4690571206
41.6169852475
41.1897440373
41.6538110247
41.4980773472
41.790436198
41.4934264456
40.815361719
40.9734450884
40.8961991068
41.1650441539
41.056716532
40.8150243271
40.5365077755
40.856444338
40.7227613547
41.0371422723
40.9946272946
41.136941355
41.4833399011
40.9495664779
40.5085080282
40.9297373818
40.7626762157
41.0997581851
41.2574624019
41.0580247147
39.9439524721
40.230498832
40.6952739591
40.1565090285
40.3067191362
39.5763619616
39.9516475966
40.1949074877
39.6037386647
39.7840462439
39.5491911842
39.5737314087
39.6829899986
39.183356934
39.3846138912
38.9894379313
39.1316208218
39.2219960686
39.1805230728
39.3838355153
39.5495807227
39.7706950956
39.645489627
39.5977706376
40.0043957484
39.3810503321
39.1845603388
39.1531696269
39.8006195561
39.2019060639
39.8089566738
39.3031487747
38.9777979441
38.7889912331
38.9160969097
38.865022252
38.2360389095
38.4138416733
38.0270571554
38.0765055546
38.1072188966
38.7307446427
38.5727619612
38.425199024
38.8059235017
39.2520285641
38.8066301286
38.6173994155
38.5520619289
39.085099355
38.6816599141
39.1135467689
38.892932973
38.6912231818
