18430.7164759
9803.68687362
6638.13612649
4981.29774301
3872.7910991
3172.08270481
2702.25674605
2197.83707707
1782.32786704
1478.82939217
1258.88132019
1091.70341265
948.864403393
863.654446969
796.588956916
746.303558548
699.724112062
657.710420524
629.010831935
597.959980083
572.951127918
552.841987568
527.797201006
509.022818063
488.814010342
470.314152914
454.710768708
439.070220822
424.712462008
411.260545398
396.114895148
382.368369536
372.886657889
365.586273433
353.955593082
344.189739526
334.739768754
325.520088264
318.958478433
312.624855106
306.88487529
298.865661024
289.482043346
281.651139315
274.548824803
268.996877979
265.117401455
257.081205296
252.477817252
246.372838467
240.745863443
237.429837652
233.37302397
227.692097933
224.231931035
220.333243129
216.014338883
212.733134215
210.273825345
206.994917985
204.589037209
202.097211909
200.498901029
198.535354036
196.452774583
167.656732627
143.432036411
126.991476464
115.518694116
106.167082113
100.164476596
91.8922835925
86.1236661838
81.6378524082
78.8479093236
75.9314885312
72.1348604946
70.3581912869
68.9362477986
65.8599152043
64.2810173927
61.9979520732
62.4554921353
60.2233732883
60.1560448246
58.5016480661
55.9596189932
56.037064738
55.2066161638
54.8994972809
53.6415967237
52.2361307764
51.1444575978
51.716460758
49.7650438695
49.6824942113
49.097550249
49.239404662
48.9577392688
48.5549293963
48.0678679617
46.907305011
45.9721089351
45.9659662144
45.2795831962
45.3358397647
45.0774687979
45.1239393625
45.438357809
45.0258236474
44.2132360845
43.8623201119
43.7235873966
42.8504965885
42.6013360162
43.1661459765
42.996357087
42.2089787426
41.6021222336
41.9217473914
41.5036327209
40.9536318268
41.6853623023
41.2005602535
41.6067640292
42.502277335
42.7003668439
42.7855031499
41.6534361832
41.5973311677
42.1422783166
42.1484088548
42.4045853725
40.3236932074
40.444290707
40.8332680223
40.1595030053
40.6561810607
40.356246796
39.9343332242
39.117856014
39.2822089246
39.8092620702
39.4614342692
38.6780375113
39.4874992103
39.8035512491
39.6564910272
38.1004755472
38.4520712503
38.8152598687
38.4891692945
38.6004334717
38.1499548037
38.8985965113
38.0669161846
38.1318471529
37.6672960604
38.0577141398
38.3597216458
37.4904966201
37.3677881095
37.222917192
38.2122630611
37.553712586
36.4686568133
37.1206717312
36.2662246605
36.107605377
36.1468810326
36.4369847761
35.9071552231
35.9702970997
36.2445423566
36.8899121245
36.2453542134
36.6674538428
36.7402489271
35.9737674998
35.8688042754
35.7038204468
36.2142740929
37.0467061895
35.7733754531
36.4027028931
36.2227229619
36.2260320535
36.1096231285
35.1960766379
34.7853594243
34.7739308891
35.0626616818
35.0452060383
34.5518900863
34.9019774267
34.0604987334
34.5519889881
35.014533921
33.9350133067
34.1149999158
33.5115666463
33.0496538676
33.4283498883
34.2404586062
34.0795395056
33.9660933854
33.6624846233
33.4258517251
33.5337708905
33.7868489256
34.6721343893
34.7271447428
34.6676112133
34.1502546742
34.4129306172
32.6898307909
33.7306790877
33.4712500674
32.9013256397
32.9627101646
33.784327795
33.364583506
33.2042446951
33.5673444629
33.7798067295
33.9910135968
33.6002188487
33.3314564758
33.2220551358
33.6152353667
34.4128366932
34.0504118788
33.0124402693
33.1836418117
32.9749962469
33.3029635804
32.8045222841
32.7099830171
32.8178785735
33.2846374251
32.9721432226
32.9127730902
32.945506436
33.8260331619
33.8628226863
32.9101323821
32.6685616518
33.3304391303
33.2248698163
33.4139898307
32.4944061527
32.6686118809
31.8000949433
31.2217343018
31.7313061257
31.6843046538
32.0310454983
32.0291541071
31.588853106
31.5857468245
32.7475827686
33.4943050007
33.6246927804
34.5770220044
34.3857934064
33.8515058673
33.1332697488
33.1229208901
33.4327128258
33.2007738841
33.5352883301
34.1114197984
32.9632320202
33.7464519358
33.2400323301
32.8473807538
33.2243714583
32.5310089319
33.297284148
32.4418528964
32.8581439573
31.695554124
31.8762262774
32.4068202998
31.4848832153
31.583759222
31.0601956757
30.94117441
31.1940521256
31.0912853659
31.1731339996
30.9800364693
31.7775038508
31.5941003695
31.9410599708
31.447517275
30.8587721297
31.3788558902
31.1228416937
31.3951515542
31.508197228
30.7747378879
30.6188892185
31.4507525693
31.0299817397
31.4119142976
31.0457241303
31.5756062591
31.90804746
31.3384661437
30.4779597095
30.94998694
30.9383105167
31.695943125
31.7650309899
31.3871431637
29.7014110603
30.6720341497
31.4685120285
30.6019972065
30.8784289807
29.6822932681
30.7808544956
30.9996907121
30.108700707
30.5248518738
30.5814959326
30.3207555991
30.125597025
29.6882723569
30.2882845538
29.6879722382
29.899525685
29.9504511817
30.0646660196
30.2466789122
30.5604656691
30.8466185992
30.6869023856
30.9145800215
31.1793077679
30.1436962706
29.981625704
30.0670678116
30.9744242167
30.2347086955
31.2293365851
30.3617544218
29.9986685925
29.970478366
29.9395824462
29.8748256198
29.292906459
29.6488876598
29.079499745
29.2749361135
29.7082978287
30.4362226492
29.8706365117
29.689105868
30.1348726629
30.6371711206
30.169671536
29.6688556538
30.0313228109
30.3370981223
29.9391280478
30.5866556723
30.1488083789
30.0368776727
