7660.6934755
3956.13444147
2929.64032461
2402.87184694
2047.12913891
1840.22446019
1730.02310936
1587.07477447
1460.4067415
1372.35563587
1304.39576257
1236.52830016
1148.95212239
1105.49629575
1063.0831481
1027.04289445
977.654978373
934.035098138
909.354983497
874.672507364
844.455522281
820.757210002
785.913993128
762.824389303
734.471635062
706.953080672
681.786228549
656.677641091
634.467021388
615.211438299
591.572260388
571.511380834
558.0411403
547.606941463
529.844215313
516.372982134
503.334520443
490.837842125
481.370117341
472.663815133
465.746642405
452.850892054
438.989690621
428.138961894
418.348420746
410.592872853
405.812618364
393.003566444
387.090324897
378.038108272
370.02232821
365.78396111
359.040019109
350.55082809
346.031136849
339.89274835
334.033517298
329.506088888
325.179138308
320.411005914
316.940124002
313.466184836
311.456552751
308.952728256
305.088762809
261.296889772
225.364374011
199.514780018
182.218434865
167.583218832
158.098684436
145.365764291
136.547797354
129.707294209
125.060906913
120.627176963
114.307540072
111.910794388
109.776678389
105.220406899
102.324976055
99.000443714
99.4692366084
95.9628703215
96.0475759136
93.3098471254
89.39483279
89.3279953709
88.2813555795
87.8675839076
85.2681256289
83.6863118497
81.350197174
82.5953015812
79.6377917024
79.491411318
78.4277804732
78.7635046991
78.5347236099
77.670026685
77.0188308362
75.2758372697
73.7695784973
73.5971842676
72.7258517667
72.6373345114
72.416324151
72.2654579934
73.0150192702
71.9886768179
70.8019021565
70.3334323415
70.0089361566
68.7885514671
68.3900572865
69.0098512501
69.0661938769
67.7491188398
66.8185658863
67.2387875869
66.8866465017
65.7127987619
67.0747392111
65.9767643397
66.8987811171
67.9079385808
68.5610580161
68.7643014253
66.8806996914
66.7479178642
67.6663545977
67.6828054442
68.2873459697
64.4680027106
65.1031611982
65.3701965881
64.5004964216
65.3689338706
64.9323458457
64.240121715
62.7916379165
63.2125585459
64.0745446343
63.3343687133
62.0693832036
63.4433163645
64.0576233023
63.6285905121
61.2969522176
61.8184452575
62.4595002169
61.8360558171
62.0445839484
61.3250130002
62.4449417803
61.0999863035
61.3942521648
60.6536572897
61.0285759493
61.4781035879
60.2645506167
60.1496274479
59.9046229058
61.3686565414
60.3171403996
58.706750151
59.5726299627
58.3939884108
57.6981660951
58.2258058879
58.6401712028
57.8024543593
57.8866927153
58.2674755234
59.323148352
58.349794266
58.9660193659
58.9551082724
57.9810431403
57.5752820838
57.6691983485
58.0619677014
59.4662579582
57.5684828015
58.5746993245
58.3490964334
58.1809907196
58.0676793163
56.7364554916
55.9684220326
55.963077749
56.2756796545
56.3268203567
55.6138144823
56.0925971626
54.8313352271
55.6741330756
56.1431118684
54.3980539009
54.9100449906
53.7484556507
53.1392171399
53.8194700761
55.1538262259
54.7233682701
54.7507355694
54.248905128
53.7643858811
54.0342431973
54.2661122688
55.6426558451
55.7993117304
55.7522932826
54.9977069934
55.476786482
52.0958661919
54.1507722413
54.0155606954
52.9126572623
53.2493102762
53.9946396045
53.820961563
53.5604378785
53.7607056824
54.5398808971
54.6779310261
54.1741879251
53.5027794479
53.6619876076
53.9625317997
55.4363948884
54.9001018191
53.2015789281
53.3497001576
53.2177489977
53.5023687957
52.8229441119
52.5680051098
52.7693746094
53.7198372507
53.0608689736
53.1550953072
53.0089657383
54.3624729097
54.4847605133
53.1743552826
52.6701665479
53.8695348852
53.5904502907
53.6768099475
52.4497748202
52.5558786489
51.0512571715
50.3181632284
51.0893608071
51.0848028964
51.5036783442
51.5920481699
50.7656835796
50.7307363292
52.4375719543
53.9610129251
54.1583544279
55.6722485643
55.1754480332
54.4019749552
53.2767269211
53.2498331569
53.7890319976
53.3554432163
53.8700789299
54.836141865
53.0447673064
54.301413444
53.4506078304
52.8486596215
53.3863257105
52.4789355836
53.5838037173
52.2192327896
53.0464758489
50.8736303793
51.3784059958
52.1963761641
50.5909706516
50.7713408035
49.9962571156
49.8816926316
50.1984568794
49.8572903347
49.8955434023
49.8760235289
51.0311859831
50.7929076282
51.2975179803
50.461414633
49.6159891732
50.5306406714
50.1286440633
50.5198988176
50.6649792712
49.5108798972
49.1924701195
50.7611269922
50.034956816
50.6409314492
49.7030075219
50.8604171747
51.3829331161
50.4531436037
49.0811261515
49.6590720232
49.8141709771
51.0784656877
51.0798433278
50.5536355814
47.6459763103
49.4563517381
50.4942419515
49.2543096774
49.6706185247
47.7208744165
49.651835953
49.8726418965
48.4642016937
49.2264918928
49.2240059218
48.9804096846
48.4627170497
47.5624966491
48.6984657202
47.7019998989
48.167180921
48.1759937437
48.2454716777
48.5069124201
49.2219370763
49.6728178328
49.2692581899
49.7557146143
50.259017698
48.4725727711
48.1773239425
48.3506498505
49.7805550768
48.6700286995
50.3526243411
48.8089298663
48.32767441
48.3724556598
48.244515002
47.8903315651
47.0992631946
47.6706597835
46.7564102564
47.1119252535
47.9117361714
49.0731378858
48.1527706319
47.8736356045
48.5386160758
49.2730900974
48.6651347695
47.8072929502
48.4314913641
48.7585778831
48.3370589355
49.3382797529
48.5756128685
48.4102467197
