33407.1330854
19939.888502
14079.2363162
10753.1847691
8524.93729107
7135.11785571
6181.97225174
5292.10370704
4487.06658009
3870.1277851
3341.99039143
2833.48154033
2353.14370797
2026.9503377
1762.84447356
1577.63486825
1414.7283974
1285.45822107
1202.62960424
1122.85144705
1060.98614133
1016.03643687
962.609700948
922.945161745
887.544874279
856.590048244
832.216968003
808.391065181
784.901426386
762.804720436
740.539289237
721.715096071
707.974922434
695.171844536
677.371220446
664.852319482
652.855092429
640.210609849
630.153132817
620.220007421
611.811756086
600.574572163
587.029869829
576.760555612
567.175592817
558.468968891
551.902312055
540.329941614
532.681332835
523.881981047
515.691018828
509.871083226
502.797900124
494.256037749
487.447861159
480.553755979
473.891507846
468.382348384
462.806669575
456.625321806
451.265252446
446.299803491
442.276927188
438.338474256
433.340877654
377.857206182
324.633247761
280.246483686
245.294755476
220.830308015
203.651011777
186.242745191
172.536700995
161.42665064
152.721783445
144.987145331
137.18570219
131.791921438
126.989054804
120.934607144
116.170954534
111.620223719
109.2884962
105.665240965
103.754562137
100.333736066
96.5487906343
94.6431769487
92.2735463734
90.6065350324
88.3267125412
85.4855136704
83.3361706922
82.477598869
80.2260465679
78.9468270296
77.3578675468
76.538146284
75.6300814363
74.6812790487
73.5808849469
71.9621809158
70.3876479923
69.8874074415
68.6652611454
68.0402769335
67.3211261937
66.8429596128
66.3890537874
65.7649015305
64.8332067605
64.18193184
63.3866794111
62.2654723876
61.5456033068
61.388711125
60.8020974579
59.9540520647
59.2131028758
58.9726418553
58.1755287386
57.5272545178
57.6634460995
57.1781895299
57.2332151724
57.5937447428
57.7739857286
57.5757868353
56.5498867199
56.2268794944
56.4655269039
56.1992122427
56.3352992253
54.8571399823
54.2482923739
54.2008338245
53.6535700811
53.5529123287
53.3688376096
52.7936117425
52.0821249405
51.9883240162
52.0897190399
51.7565752935
51.0627106113
51.4277073752
51.5270751025
51.4614411904
50.3092009987
50.0928952001
50.1297267437
49.6852158811
49.6934873421
49.4261485999
49.7169225623
49.1449892829
49.0022179505
48.3698276078
48.5766194223
48.6187455277
47.9794250628
47.6617719354
47.4280302078
47.9695931134
47.4491574344
46.8056237956
46.8963428484
46.3299968979
46.1453865019
45.8979218146
45.8914772547
45.5699306466
45.4019640658
45.639201547
45.8446478745
45.4731278058
45.5014676276
45.4157701795
44.6208887308
44.4684367273
44.2463393934
44.5246632223
45.1397519518
44.3287206637
44.5627709192
44.4444339315
44.3811058518
44.2131783176
43.6499875238
43.323952919
43.0830143615
43.2236658491
42.969069306
42.495412095
42.7230053797
42.0500827389
42.264079132
42.4663486414
41.7078133236
41.6315101653
41.2377871543
40.7967445388
40.8153147748
41.3338842142
41.2947657894
41.0625332039
40.8929782468
40.5988282328
40.5211422174
40.6563113027
41.2624571698
41.1893237102
41.192957292
40.8882634601
41.0105046875
40.1026417362
40.4210364225
40.1813236327
39.911617794
39.753269153
40.2220383555
39.7252960817
39.7109176283
39.8545499883
39.9357931168
40.0899826567
39.8732713352
39.8138497532
39.570149489
39.8227422366
40.2871218824
40.0656943426
39.4602033377
39.5084458356
39.2142249085
39.3233441264
38.9535248801
38.9051073738
38.7634976131
39.0377090084
38.8600895833
38.6997560598
38.7842536862
39.1704152384
39.3495813176
38.6895089909
38.5974303776
38.8446794067
38.8038945302
38.9375990985
38.3225500509
38.2636102803
37.7883964548
37.3236820144
37.5222725297
37.4271644438
37.7143735688
37.5435247824
37.31581046
36.771802634
37.4555071766
37.949951227
38.2240495557
38.8887358711
39.1558098863
39.0222424935
38.5888591102
38.3051807045
38.5437466438
38.3094780781
38.6130399738
38.882903815
38.1637766505
38.6233026244
38.476066556
38.2146949106
38.4919072435
37.7992200026
38.178713548
37.637428458
37.9009972826
37.3200158565
37.1096690719
37.3439273819
36.6820789605
36.7084068837
36.2974636175
36.2371425504
36.2504005247
36.2159017067
36.3332717467
35.9957824672
36.4019569163
36.2552894779
36.5187755517
36.2359125615
35.6596103435
35.8127935415
35.7456153838
35.9805263922
35.8801971847
35.6722943978
35.4111507095
35.7252432749
35.5925538523
35.8665677344
35.7910593742
35.9548357428
36.259202703
35.7810803214
35.4069136418
35.7435414225
35.6168692191
35.9266511933
36.0495859651
35.8838487878
34.8784195426
35.1630480497
35.5540495455
35.0845094499
35.2209300335
34.5708926321
34.9313928054
35.1265603891
34.5984059696
34.7766339969
34.5609017971
34.599777923
34.660294479
34.221475031
34.4102646123
34.0569648545
34.1960916594
34.2600334687
34.2190169705
34.3967494468
34.5520098364
34.7573830274
34.6264990516
34.5942517494
34.9546706854
34.404822235
34.2331749693
34.2010293463
34.7731727325
34.2433349512
34.7925379764
34.338367175
34.0584827697
33.9008973143
34.0035898783
33.9404008694
33.3962801926
33.554325684
33.2147869027
33.2628127606
33.3007058075
33.8500271948
33.7052833039
33.5727683905
33.9066302021
34.2938603317
33.9177024719
33.7350308091
33.6926378059
34.1418381627
33.8118776303
34.1843566799
33.977506735
33.8056320886
