11964.4960391
5998.29971606
4233.78399409
3354.83452529
2791.22203705
2469.66719155
2287.31641914
2083.92820473
1906.0536221
1783.59122296
1688.74606089
1599.34083864
1484.35441468
1422.1448856
1363.19322598
1310.78535713
1248.05302864
1189.07876898
1150.17133345
1102.21508488
1059.88000437
1024.4711516
980.683022399
948.148585793
909.629112543
873.820017401
840.197265845
808.503901834
780.454583027
755.027247636
725.413641066
699.078075986
680.248698287
666.290350743
645.215000859
627.181588664
610.599851534
593.526107845
581.203466055
569.311509375
558.050283302
543.703050378
526.023241057
510.952821646
496.612880599
485.015989852
476.529297957
461.437204437
451.37117656
439.253434148
427.6971379
420.198269756
412.539840792
401.431777429
393.665324692
386.074788532
377.072400872
370.220393009
365.492719987
359.025530032
354.249728037
349.00666155
345.345456042
341.108130956
337.638559183
284.581163295
240.106782586
211.370475826
191.008914409
174.993127603
164.782400734
150.725098952
140.898380242
133.265418515
128.774904893
123.81969383
117.792413987
114.566614211
112.151125044
106.897749827
104.580183
100.652445706
101.571610588
97.9160199453
97.6776733979
95.0655547521
90.8500511817
91.1153044822
89.5832600156
89.0437312839
87.4134870289
84.6877779054
83.335249225
84.0460340972
80.7780375007
80.6667990117
79.8146455589
79.983935185
79.3841497312
78.8891815673
78.0202167634
76.0645819235
74.5608265291
74.670783166
73.4089913929
73.6341837354
73.0903248004
73.3276562313
73.6793611403
73.2682511581
71.8788304349
71.250179493
71.102875937
69.5685270018
69.1714418651
70.2918990411
69.7983605873
68.5619534458
67.5541592255
68.1437496235
67.2525926304
66.5647927108
67.6333815366
67.0678336298
67.5507028302
69.303173818
69.4032662715
69.5023544701
67.7119825167
67.6541343077
68.5145969383
68.5251868901
68.8159193736
65.7615746982
65.6624145385
66.5416592913
65.3070837494
66.0693405378
65.5544349795
64.8810843037
63.6518025786
63.8143142288
64.6639038829
64.2243417853
62.9578580273
64.2279803882
64.6732349622
64.5691599434
61.9252686278
62.5292162699
63.0845769272
62.6249498121
62.7884517665
62.055811854
63.333558721
61.9871068255
61.9667747398
61.209961903
62.0187556044
62.5365791881
60.9987084314
60.7462766895
60.5207501056
62.2192857788
61.1452164488
59.2892456158
60.4776878228
58.9559828899
59.000322962
58.7491003248
59.2596984777
58.3891264559
58.5056921126
58.9957750428
60.0349785863
58.9459878872
59.6766977682
59.8840651522
58.4622848242
58.4544463815
57.9425353483
59.0661625953
60.3779332359
58.2063431789
59.2354430966
58.9009924899
59.0267067212
58.7881306167
57.2084738444
56.6135450588
56.5872722855
57.1627053224
57.0817464548
56.2235763074
56.8537419512
55.4218498181
56.1875129257
57.1285490359
55.3778964627
55.5201291967
54.6697735465
53.8283400041
54.3959164352
55.7016999433
55.5571558142
55.2298139634
54.7467361126
54.4318054287
54.5446695945
55.0761745762
56.5519509391
56.5957443203
56.4653845766
55.5716645944
55.962218741
53.5732516676
55.0087955719
54.3954665952
53.5946841321
53.533037349
55.2653712233
54.2415192044
53.9814587449
54.8364782129
54.885507524
55.3673048127
54.6464611391
54.3721025412
53.9665222874
54.8344366175
56.0046524743
55.3833896121
53.7128128945
54.078208615
53.6002658052
54.3014357345
53.4071807239
53.3243507493
53.4812593076
54.1059153529
53.7047033656
53.479951437
53.6693546058
55.1466318664
55.1636529152
53.4603176036
53.1465603139
54.1341801761
54.036889237
54.4946619459
52.8252479741
53.2278006581
51.8862156118
50.8098635321
51.6748560509
51.5491055132
52.2092109416
52.1433660274
51.5081409261
51.5236277541
53.5285966023
54.5258669613
54.7479150217
56.311282318
56.1298408709
55.2013159759
54.0104050619
54.0014576678
54.4789870445
54.1424917742
54.7045578014
55.6173362169
53.7081794419
54.9886258546
54.1877218961
53.5282020176
54.1898870029
52.9190440112
54.254784558
52.853959546
53.4248875661
51.7367521646
51.8857476616
52.7752156472
51.3565262124
51.5030255743
50.6049149308
50.3599712087
50.832628956
50.7853993252
50.9833976773
50.471828205
51.8580891787
51.5210099828
52.1234127066
51.3474509991
50.3199045022
51.1152131407
50.6910443431
51.1679318881
51.375968962
50.1638462726
49.9558337284
51.1562398259
50.5049262758
51.1329646905
50.7738780086
51.4305424767
51.9809064429
51.0621237018
49.6510231469
50.544770136
50.4078193355
51.6122516136
51.800512955
51.1283338364
48.5139755174
49.9271180936
51.3916760759
49.8750310646
50.3444429028
48.4124766421
50.092677334
50.5391610537
49.0693614849
49.6854309238
49.8412869174
49.2965547203
49.1179626124
48.5391337788
49.4010470041
48.443866191
48.7038555017
48.8375636028
49.1016132808
49.4203112535
49.7897546852
50.2624381153
50.1025145747
50.3918491245
50.7709596203
49.1650821721
48.9243105152
49.0390452986
50.5388221035
49.2795144895
50.8453589474
49.5309223978
48.8693697425
48.762609215
48.7658142292
48.8306125483
47.7840447114
48.3648277014
47.4358935327
47.7264447456
48.3640472908
49.5574798351
48.6423243441
48.3373732433
49.1002608259
49.969752814
49.1091901681
48.3292137834
48.8916699025
49.5030402508
48.7047736783
49.7891877376
49.1140246393
48.9226534341
