18106.7183677
9438.09356969
7043.48372227
5781.52915207
4943.30729334
4453.17765954
4169.91004608
3857.3297809
3542.70404864
3320.94798045
3147.48904682
3007.32615728
2806.26636885
2697.55936859
2602.18121161
2512.96654594
2429.35294282
2337.04509756
2266.14448963
2203.38491849
2151.08095247
2104.27839211
2053.33182574
2009.41851377
1955.1714461
1906.40146229
1862.62725488
1820.93602442
1786.06204748
1750.22589519
1706.99947642
1661.70303665
1629.65045647
1609.05169616
1574.15207777
1533.87684749
1491.73174361
1450.37689936
1418.03351554
1384.73804284
1350.89581464
1315.24155695
1273.54955487
1230.38156219
1189.25792407
1156.24153361
1131.91947669
1100.08871922
1073.45372576
1043.66818028
1014.73875311
994.251796419
979.300090238
953.437896285
933.568412028
917.079141033
893.794720648
876.473358527
867.274542094
852.400454075
841.509965596
828.308089981
818.425870405
806.990976725
801.719871762
677.794097543
570.156929676
503.889678385
454.595531998
417.06306112
393.419122476
359.439091085
335.48562369
316.838327299
307.024885031
294.843741147
281.493729245
272.734136323
266.75965367
253.424546461
249.099149279
238.966032072
241.979633991
233.215940134
232.163770287
226.310621719
215.953296437
217.183213843
212.815302782
211.372453467
209.230992345
200.898081922
199.421645736
200.210677645
192.005164994
191.826358973
190.211037296
190.351310484
188.339340871
187.811290554
185.406709805
180.467202299
176.93143007
177.684496198
174.074521952
175.129170984
173.322284049
174.550206134
174.71372829
174.797211527
171.190263888
169.449598353
169.401049163
165.275376759
164.340858927
167.837486672
165.746088289
162.976358283
160.47926299
162.159317119
159.160949719
158.366303303
160.395512594
159.959778977
160.366110275
165.76303796
165.068611294
165.130291228
161.068320071
161.068465171
162.998048603
163.019491609
163.174308868
157.280119679
155.802860694
158.907217372
155.378822916
157.006977202
155.66428003
154.106776644
151.577760045
151.522067311
153.518236295
152.991508249
150.004437993
152.821770052
153.587938241
153.889901367
147.135176765
148.703215445
149.870403921
149.058220298
149.369128165
147.628531365
150.910196263
147.731473504
147.15449726
145.344849159
147.989251264
149.323279926
145.149803183
144.318989697
143.821794407
148.225087968
145.656151288
140.869841452
144.209390835
140.045753194
141.40746337
139.495500074
140.860182584
138.756376047
139.086866144
140.429983012
142.857535013
140.086965533
142.004685619
142.873359142
138.759910374
139.414364095
137.184128594
141.071262458
144.016756403
138.424601036
140.89148646
139.922339684
140.712826771
139.939962865
135.794489914
134.685309252
134.586306357
136.394373254
135.974370132
133.706461446
135.447128126
131.783762761
133.461091009
136.475802829
132.337464119
132.044036632
130.56920966
128.190499525
129.345169393
132.373608013
132.514670649
131.142809047
130.03786054
129.579588302
129.58210167
131.342322457
134.995779643
134.9091938
134.459087969
132.117656423
132.892509004
128.943957834
131.270376893
129.014112564
127.631595464
126.820754533
132.579242581
128.716099284
128.112036415
131.237046995
130.122214567
131.836657274
129.770014513
129.79725555
127.883512103
130.885435446
133.131537706
131.528898085
127.622974055
128.862837059
127.148369163
129.504131303
127.031645335
127.128694802
127.420457798
128.352744477
127.838494765
126.772544934
127.780227741
131.479570584
131.346110282
126.662404045
126.243024687
128.213853941
128.294009165
129.997414106
125.30922941
126.764363587
123.864508805
120.757519573
122.9442313
122.450017183
124.416380314
124.000967764
122.82604347
122.952082163
128.189970328
129.651639173
130.217934984
133.989676008
134.095964335
131.640400831
128.720610999
128.728950828
129.752189175
129.123986042
130.52843932
132.589962407
127.888219231
130.953259932
129.139800314
127.490909618
129.262896215
125.650291887
129.190375902
125.823733501
126.742015909
123.578286763
123.328468337
125.548795639
122.514023208
122.80627918
120.47709608
119.675449977
121.056200289
121.442084354
122.180898142
120.144250919
123.80157656
122.843555962
124.433275004
122.698120984
119.968710598
121.639963927
120.603889273
121.870122431
122.474878761
119.512407258
119.206833457
121.419023202
120.011297118
121.523158342
121.661331988
122.365439552
123.70783173
121.557910466
118.160064328
120.805745676
119.983435172
122.730520155
123.487008391
121.658129826
115.98178457
118.648325111
122.823206667
118.774249664
119.974889807
115.444375148
118.992210977
120.41910273
116.852073222
118.052513586
118.692356879
116.900838018
117.04974769
116.227679116
117.794068244
115.604704088
115.869390785
116.394494063
117.34851059
118.199224359
118.489679003
119.647359614
119.673892028
120.027214805
120.706033902
117.218254305
116.749329272
116.919945758
120.581400972
117.358079061
120.849835896
118.13995641
116.269544434
115.765077789
115.994354
116.858267957
113.950977167
115.337339341
113.125399149
113.700512482
114.925868175
117.80173615
115.650193081
114.888038571
116.849537393
119.134434344
116.679394604
114.964733508
116.190804994
118.105582806
115.594326082
118.292870699
116.84650263
116.351421731
