32333.9139452
19229.8054939
13512.0409982
10253.0728226
8052.39055884
6655.93367093
5683.21509061
4767.15017217
3945.3914723
3328.98005644
2830.379443
2386.70014597
1994.37575166
1742.99535931
1544.4845337
1406.28988852
1282.79038975
1181.71485463
1116.34398509
1051.84745754
1000.56211971
962.85630808
916.034696111
881.046365868
849.115600184
820.588891349
797.82304842
775.005907396
752.469827315
731.294437849
709.460621013
690.975910867
677.378453643
664.629318978
646.650123631
633.917142087
621.561691228
608.803300958
598.229021617
587.845834112
579.144833589
567.40239961
553.358421444
542.604954543
532.541336094
523.261191629
516.214795744
504.16168145
496.057349633
486.75454599
478.09577135
471.782239133
464.239550437
455.267342462
448.041460781
440.717084631
433.656065282
427.770827837
421.79289916
415.27488726
409.61518619
404.322527899
399.972003767
395.786048377
390.579142926
335.213035815
286.439152174
251.558914151
224.745754837
204.473230962
189.525836628
173.820009054
161.393260494
151.274163141
143.276538638
136.233749827
129.02369347
124.163574095
119.778154208
114.263934801
109.75358441
105.633072196
103.486566311
100.120726074
98.4192911296
95.218538626
91.683610948
89.9266752023
87.7651431641
86.2261241117
83.988483481
81.453212757
79.2989836025
78.5998120248
76.5135022281
75.3353811007
73.7925082153
73.0889589704
72.2717190308
71.3577550951
70.3557853871
68.8467294634
67.3405672698
66.8414492747
65.7455196383
65.1210662156
64.4844856083
63.9804950244
63.6280231838
62.9640231728
62.1238830527
61.5177392097
60.7514671035
59.706341947
59.0274402114
58.8458373369
58.3437870493
57.5456985414
56.8269330207
56.5960645088
55.8949803193
55.2284329452
55.400284362
54.8838236223
54.98386442
55.2679615052
55.5026316779
55.3414630991
54.3382055407
54.0290255885
54.2650431403
54.0165838388
54.1954289005
52.6909757283
52.1729321933
52.0914935712
51.6052711172
51.5156461269
51.346414882
50.799676394
50.1053548948
50.0272587642
50.1283388778
49.7780114664
49.1180754776
49.4970567641
49.6037666887
49.51659851
48.4227668476
48.2136242518
48.2710102982
47.8279498623
47.8352790982
47.5746116131
47.8611347374
47.305884034
47.1955695656
46.600290215
46.7755608476
46.7894996499
46.205076678
45.9245152044
45.6931600032
46.1872092629
45.7009934931
45.0853828634
45.1550930404
44.634460487
44.3945141309
44.2346466864
44.2368304679
43.9030365389
43.7601761778
43.9472023772
44.1712657596
43.8160654169
43.8461316802
43.7514428432
43.0200397849
42.8434212842
42.6845794743
42.8949295785
43.4989497179
42.7314320369
42.9549436128
42.8515132044
42.7691267237
42.599473396
42.0879169182
41.7554229659
41.5428961157
41.6371634156
41.4136826786
40.9750555601
41.1797265869
40.5461781542
40.7489686122
40.9029896987
40.1841213846
40.1321896001
39.7164437845
39.3161705552
39.3618824492
39.8623219208
39.7913878475
39.5953729998
39.4350790747
39.1415004699
39.0841732571
39.1861997111
39.7752320141
39.6980379459
39.7314640359
39.4358997832
39.5604789214
38.617495339
38.9480181712
38.782346932
38.4752329614
38.3812223507
38.7334870456
38.3283773804
38.3168379305
38.3994622893
38.5448302127
38.662385242
38.4800234809
38.3819479363
38.1945370665
38.3921902869
38.8644553169
38.6720618156
38.0700026333
38.1023015853
37.8461273969
37.9179593534
37.5799752546
37.5185557846
37.3894521772
37.6845069684
37.4731501274
37.368324074
37.4033245329
37.7902974355
37.9667234623
37.3567590091
37.236472999
37.5010862772
37.4521801139
37.5491944648
36.9908432439
36.9140409278
36.4213152016
36.0137041098
36.1941509048
36.1303848028
36.3698639328
36.2232054313
35.9687351351
35.4494171274
36.1027925379
36.6103965226
36.8844810707
37.520260016
37.7484112802
37.6318037711
37.2107801633
36.9488586534
37.177788802
36.9421932283
37.2425674485
37.5073157194
36.8111366847
37.2628294927
37.0994008364
36.869084034
37.1240357616
36.4888272416
36.8314341215
36.2907352254
36.5875303919
35.9571166675
35.8059095935
36.0402496438
35.3697704244
35.4035713391
35.0087066293
34.9669909004
34.9666367856
34.8995374111
34.9965951112
34.7227690356
35.1165819871
34.9597204121
35.2267488032
34.9200253463
34.3887981186
34.5588460579
34.4945830585
34.7218883211
34.6166697597
34.4217533141
34.144289424
34.4977925694
34.3474709628
34.611104942
34.4832407255
34.6989634883
34.9953659461
34.517397536
34.1730906487
34.4527324225
34.359153667
34.6797811661
34.7782471425
34.6298832546
33.614528662
33.9389264529
34.2944166849
33.8434880362
33.9831729308
33.3391298402
33.7349006101
33.8972565377
33.3717220229
33.5736889095
33.3510468176
33.4148352436
33.4224078144
32.9956749867
33.1974937667
32.8450436176
33.0019347607
33.0410202457
32.9944920485
33.1670964634
33.3330384421
33.5483810949
33.3910619974
33.3756072798
33.7299450295
33.1921812369
33.026563573
32.9885246273
33.551081993
33.030911493
33.5881764836
33.1322712894
32.8685639433
32.7269359319
32.8147490216
32.7267058928
32.210105274
32.3667027855
32.0374878905
32.0905167576
32.1435652855
32.6807839001
32.5319577298
32.3985084186
32.722507118
33.0930342399
32.7491906048
32.5477588952
32.5284622039
32.9382118687
32.6520010877
33.0049645349
32.7854373975
32.6263257957
