167356.640485
126145.202446
101762.480585
85166.1317604
72684.1089586
64199.5620258
57901.2241274
52496.6295425
47656.6375019
44068.0101167
41197.6826063
38574.4944073
35884.1089035
33902.5267775
32107.1825079
30696.5582682
29177.887712
27736.1652061
26707.3229266
25628.5746952
24635.1272822
23885.7856971
22968.5857894
22195.2334971
21478.3308897
20800.5222575
20211.1488353
19599.0323074
19015.9309844
18471.7044857
17889.9111843
17394.3761364
16980.2012586
16592.6301746
16107.6528724
15738.7722329
15359.3498394
15014.4847751
14669.2463451
14342.7703996
14070.20557
13734.0155394
13352.4921711
13035.4343003
12740.2848099
12455.9504333
12219.1962903
11895.2407888
11647.5292353
11379.1000755
11130.4842625
10917.8035627
10668.3728768
10402.4429659
10180.2246289
9945.60073895
9730.40083516
9533.40810313
9315.83631211
9095.2719935
8893.70185212
8702.47261956
8518.56352695
8354.75694984
8157.75939365
6149.55949254
4449.15724258
3459.98078894
2891.61051684
2539.95945288
2297.52614865
2105.71646819
1960.23853212
1837.82787488
1736.49904253
1649.56696282
1568.45767687
1499.02439432
1439.47752859
1380.22012855
1326.06563848
1276.3260961
1232.31668942
1191.63722915
1155.51347287
1119.70265612
1084.80102736
1053.39435223
1023.01570569
995.516107766
968.77697598
942.723360422
918.163467579
895.314406528
872.819237858
852.07734614
832.297650534
813.368695863
795.677300168
778.82552417
763.346525467
747.713017856
732.753759888
719.483302097
705.423585004
692.915466284
680.407150924
669.253210059
657.815032379
647.388909352
636.446350277
626.433060108
616.580594305
606.64908342
597.106219695
588.082635173
579.077268315
569.518405572
561.41949821
553.685121778
545.549322872
537.771233881
530.770952771
524.147416591
517.788515525
512.587578727
506.971818746
501.67865868
495.976322602
490.158582688
485.369631433
480.322638713
475.667394592
470.537415144
464.553626583
459.346320183
454.259279892
449.748093782
445.181869727
440.188044922
435.276272041
430.930504361
427.177714105
423.380960627
418.810626446
415.338052246
411.920298643
408.837855124
404.818887824
400.736416419
397.071829526
393.301650545
390.786859123
386.832479819
383.767011961
380.315591871
377.360135691
373.869730785
370.829549362
368.050859122
364.681834277
361.387996755
358.479961792
356.51439747
353.992466227
351.035952257
348.536825621
345.456982071
343.298957959
340.675623382
338.397812372
336.25515905
333.366153695
331.762320553
329.893030573
327.457942123
325.42570501
323.593158657
320.549203479
318.13708911
315.688091038
313.75780462
312.313792415
310.320786301
308.62777264
306.807259933
305.334973908
303.910778623
301.369868567
299.372963172
297.256973571
295.971973139
294.290343343
291.91375975
290.377598174
288.326464817
286.578843834
285.123062843
283.267591983
281.582077381
279.957650687
277.461598356
275.547344522
274.335816467
273.224295297
271.629404559
269.996875264
268.358178095
266.814095108
265.591413409
264.724916019
263.659174984
262.184763438
260.94771117
260.001049351
258.536656435
257.634767476
255.659060473
254.636911928
252.833872428
252.696453768
251.105573897
249.881009914
248.972945678
247.539941278
246.98815969
245.678005504
245.029532327
243.896166536
243.093313497
242.495293434
241.435737809
240.315524352
239.552014898
238.38012253
237.500300647
236.305639388
235.183317285
234.212278163
233.154002884
232.667646622
231.149922834
230.815234658
229.892071504
229.26419076
228.284356106
227.524525926
226.862858733
226.154685189
225.32828197
224.155605038
223.186480267
222.220338362
220.948875398
220.229505236
219.011167588
218.599191381
217.72884274
216.984822307
215.14533994
214.135834169
213.512546124
212.467134585
212.205710647
212.005834796
211.461715899
210.745270247
209.820398462
209.276722818
209.010356791
208.494917769
208.059769178
207.181176246
206.888429002
206.589141832
205.638005285
205.256306358
204.313526224
203.839760241
203.292177687
202.69340561
202.295797931
201.458781101
200.486738982
199.882903093
198.956172992
198.289145944
197.228521218
196.572542022
196.13761125
195.676832257
194.553126425
193.84883816
193.605328204
192.868547319
192.71351958
191.543609893
190.545089879
189.685056741
189.162676254
188.880711025
188.178032975
187.782940042
187.041163163
186.815226396
186.722200875
186.453688288
185.818947913
185.405213117
185.063843227
184.065763042
184.020341415
183.693178173
183.050882285
183.000380574
182.578409141
181.954176334
181.232520036
180.903736975
180.297235888
179.861662543
179.031370223
178.334900012
177.922927387
177.478051383
176.801643272
176.308277763
175.566746703
175.552248225
174.947686246
174.168366082
173.718137111
173.149952077
172.992110546
172.509727846
172.193958661
172.060278461
171.499692988
171.269020788
170.825826907
170.788605708
170.061269797
169.388246227
169.094048503
168.978726482
168.770628512
168.261406688
167.87622701
167.19086268
166.705726341
166.39145175
166.09810957
165.620324647
165.050119902
164.735719082
164.211117875
163.657693197
163.359642504
163.180898697
163.085749918
162.88997534
162.740105069
162.37005185
162.123201595
161.651119948
161.541140154
161.174586076
160.989647639
161.09740394
160.638470916
