256509.77438
159907.33966
116182.015601
90775.635832
73636.1273002
63103.8179085
55901.6032315
49728.0022116
44387.1275929
40646.3245852
37739.9050269
35128.4608659
32327.0416628
30446.2774408
28762.6768801
27432.3350313
26005.9536277
24623.5636029
23636.360024
22624.6912925
21700.0056517
20981.7596326
20058.030559
19282.8340448
18539.5776125
17817.9643402
17180.4930832
16497.0594304
15829.9962757
15192.26855
14493.3724079
13874.0346417
13345.9018778
12844.7287825
12218.3785652
11726.4973365
11231.8528841
10781.8970127
10346.9265139
9944.88003135
9613.79650815
9225.51619126
8810.7002883
8482.31331048
8185.69451075
7912.14359774
7700.39139809
7421.7464361
7216.26848078
7006.61527738
6819.41434733
6673.14895902
6521.23694663
6357.04473414
6216.23084639
6084.96484247
5961.79604607
5859.80745459
5755.99361015
5655.7776577
5568.36571889
5481.25867203
5406.27315902
5336.95698344
5261.63253789
4553.46168122
3936.03492725
3489.77285281
3136.18017127
2862.12207674
2642.03807966
2419.57817901
2216.87584063
2038.00928492
1887.01206365
1758.37134875
1642.63038504
1553.57324524
1481.00119668
1400.68891695
1340.32661634
1276.0003791
1232.77146905
1187.55239269
1152.21472851
1111.21488039
1069.35611182
1037.69694299
1004.781849
979.051560355
953.843614949
918.336143617
896.431553512
874.828781203
849.690782325
829.36638975
812.062963016
793.933250242
779.243372849
765.335761828
750.802789068
733.350415171
717.722669127
708.845759034
693.044482754
684.262801219
672.57233475
666.068699024
654.420204315
648.756333052
637.166614377
628.772717821
619.838002125
608.86057002
599.816897218
594.602044576
585.539326451
575.633995439
569.321099986
563.671772048
553.522429515
547.557812993
543.364964421
539.828018078
535.57862744
536.350094925
533.243060287
529.53599292
523.230648543
518.338391876
516.941544303
513.271009015
510.626249645
504.549729957
495.614583162
492.651409413
486.930461412
483.813124953
480.66033974
474.91693874
469.514657757
466.664161203
465.023635283
462.720998311
456.830578648
455.95828315
454.500244926
453.925677366
447.269365313
443.29701398
440.538649336
437.002297759
436.494872715
433.133296795
432.739666036
428.953319735
426.626276669
421.387232857
420.72407215
420.59624126
415.645494345
411.654750467
409.5400841
411.854211674
408.172771667
404.34318602
403.276194656
398.972509147
398.79787512
394.225197644
392.280220464
391.067694759
387.564790218
389.493274849
388.248452033
385.852700743
384.597618923
383.593852196
377.030516953
375.75347001
372.222523325
373.39623868
375.33527492
371.869813153
371.475724457
369.947625599
369.62790192
368.950055081
364.386627225
362.480293568
359.290565311
360.514795051
358.004385519
353.838898978
354.296199271
350.075476563
349.668669254
351.027020987
346.513262902
344.470543121
343.312895134
338.893449316
336.936214708
338.583380229
339.289202013
336.767782356
335.03493966
332.980939013
331.455464899
332.081185898
333.913484234
333.628386213
331.934906693
330.595484807
330.592493501
327.990462146
328.14738687
323.807169439
324.280617576
320.438760048
325.29415105
320.144268327
319.557112938
320.886671494
318.630174382
320.407006624
318.098666191
319.104573889
316.399506584
317.745258479
318.964300154
317.122300969
315.041187845
315.035894903
312.426370388
312.796592051
310.508178861
309.984441352
308.795541188
308.202437046
308.937804162
305.398256467
307.246586774
307.259551102
308.101983748
304.921058673
304.863087097
304.587071128
304.233639188
305.105050303
301.364518638
300.559675864
299.314160866
295.795462887
296.265254061
294.191115908
296.675860144
294.772288145
294.904221764
290.514310207
292.096962543
293.709715944
293.80112412
297.090493248
299.792256721
299.480041047
298.033498588
295.544449729
296.51572399
296.414559183
296.929583966
297.547782789
294.719044293
295.985801742
296.712206653
294.031530762
295.355623009
291.366811121
292.889657404
291.375837057
290.756214389
290.97256111
287.479678027
287.053072139
285.498813463
284.226701874
282.355242147
280.894805135
280.995961249
281.455338164
282.169355344
278.417380484
279.042206738
279.369369939
279.140007151
279.681565665
275.757278193
274.339947005
273.996687077
274.668501628
274.781442287
273.373882098
273.103399444
271.701348267
272.596675422
273.447162339
274.473182443
272.873492449
274.059420145
273.011580076
270.343044116
273.206092741
271.91788224
271.516783457
272.793624571
271.998798721
269.57342013
267.798460346
269.241770251
267.602058815
267.481337092
265.270197709
264.088294939
265.341447695
263.862818498
262.839222042
262.27168713
261.105648684
263.560288721
261.194269287
260.319936043
259.605375091
258.996329438
260.294599154
259.523624305
260.26624385
260.610738935
260.435420449
260.931874685
259.954346451
261.58235949
259.112655191
258.072481701
257.887148458
259.583806622
258.388179948
258.714426169
257.818254357
256.064921616
255.048476907
255.33408141
255.784780935
253.210365877
252.847120616
251.797932323
251.118805338
250.148484123
251.713293997
252.068491473
252.009079128
252.773396608
254.169352707
252.465881713
252.549341367
250.854968496
253.368812115
251.408199904
252.738405684
253.25119988
251.94873965
