30477.9937301
17319.3347205
12031.3980225
9143.500376
7257.88271386
6119.7398042
5364.94238087
4674.81801484
4068.66034948
3629.5401188
3267.92597311
2918.56198454
2552.8576245
2296.60313517
2066.43965458
1887.66727184
1712.50473231
1562.76003295
1463.71765016
1364.55191011
1284.08879215
1225.69921774
1156.88745678
1105.78266603
1059.93832057
1019.78318896
987.74682462
956.877022614
927.274526674
899.964785162
872.232200445
849.137163913
832.334461527
816.856717453
795.42750743
780.468782862
766.258504263
751.351982074
739.40267103
727.726490518
717.939900565
704.741822792
688.837227893
676.944725982
665.820553907
655.733225802
648.205268902
634.733418702
625.914033141
615.791941182
606.357741851
599.710760704
591.560835747
581.677926342
573.860908417
565.909121008
558.23291848
551.894820398
545.410709558
538.265163694
532.101851757
526.312431382
521.61877794
516.998825666
511.101081083
445.214913582
382.860295625
334.177465749
291.985944827
258.668989337
235.840329562
214.606976532
198.239632733
185.081492569
174.849983834
165.760145664
156.667895634
150.310223449
144.691622551
137.633924594
132.147604216
126.844601725
124.121405768
119.940623325
117.688369428
113.759787199
109.417105759
107.213040989
104.467938698
102.53962196
99.9715899129
96.6728688907
94.2766798401
93.24208786
90.6612013675
89.1892450109
87.3978170741
86.4299222169
85.3763631426
84.3021083415
83.0352451892
81.1868854493
79.4070651411
78.8468703357
77.4342478487
76.7380649427
75.9022192526
75.3809277894
74.8305341795
74.1545267381
73.0802534458
72.336546318
71.4406729876
70.1624491403
69.3466547478
69.1822366896
68.4951059601
67.5312920805
66.7004462934
66.4281548045
65.5027376924
64.7909314431
64.9269793821
64.4016973851
64.4431177751
64.8764577927
65.0524683974
64.8167078782
63.6685402045
63.3053266656
63.5712013836
63.2681457865
63.4004863101
61.7725986486
61.0592417114
61.0212016514
60.3884569382
60.2733102714
60.0626948124
59.4122535652
58.6171499752
58.5060489056
58.619478467
58.2568133653
57.4740168609
57.8729493709
57.9805311884
57.9169275687
56.6148050275
56.3723994886
56.4044301654
55.9117522536
55.921971529
55.6229559465
55.9473314752
55.3066355102
55.1348877432
54.4175639909
54.6606518093
54.7205551151
53.988442411
53.6205421095
53.3604899369
53.9822307646
53.3906495417
52.6652288573
52.7751364716
52.1275943317
51.9470653231
51.636077173
51.62522607
51.2740933591
51.0774076023
51.3627665432
51.5832039143
51.1644018387
51.1957796457
51.1051657964
50.1967945286
50.0376064211
49.7649833953
50.1032310612
50.7914333099
49.8737204437
50.1379263349
50.0011886758
49.9389929565
49.7541037605
49.1071069634
48.7490767728
48.4700594729
48.6465204615
48.3509869788
47.8109824556
48.0736202308
47.3103844617
47.553219948
47.7986544734
46.9398023379
46.8455681875
46.4182730823
45.9118932614
45.9216095355
46.5054830165
46.4755625662
46.202823686
46.0109581958
45.6845149045
45.5899703151
45.7543969004
46.4350891122
46.3559186948
46.3473610053
46.0060461559
46.1406438681
45.1479213564
45.4971900155
45.1995207964
44.9167385757
44.7142342361
45.2840088864
44.6944212152
44.6775255377
44.8631344731
44.9265900963
45.1134485197
44.8590182594
44.8092335007
44.5155985795
44.8192606282
45.3315793554
45.07354167
44.4005485481
44.4614493299
44.1185885949
44.255776438
43.8325610205
43.7841471265
43.6221012652
43.9184576094
43.7354192548
43.5342875729
43.6492046431
44.078056832
44.2786096345
43.5243837019
43.433990576
43.7016879686
43.6597557298
43.8243582614
43.1178278818
43.0597709433
42.5396133062
41.9996534887
42.2287339323
42.1097964015
42.4494030173
42.2490457923
42.0082879997
41.3933404565
42.1658181148
42.7096219316
43.0140498349
43.7642064804
44.0775958646
43.9227746687
43.4355961541
43.1126111314
43.3815312055
43.1220993256
43.4607627525
43.7627806743
42.954603208
43.4685763269
43.3119193433
43.008838344
43.3267148376
42.5329403617
42.9707983694
42.3697473939
42.6483406835
42.0241675046
41.7654871992
42.025957196
41.2950507274
41.3218501049
40.8585884404
40.7831816906
40.8043612547
40.7798998675
40.9192132448
40.5173464538
40.9739800535
40.8150211797
41.1073592971
40.8031673902
40.1442011557
40.3074016366
40.2317199348
40.4959891534
40.3867211847
40.1503595607
39.8673687738
40.2000276816
40.0601344125
40.3689281197
40.3077206355
40.4678954972
40.8091379762
40.2782790379
39.8502601978
40.2486860559
40.093765148
40.4333271009
40.580711517
40.3888007528
39.2767559107
39.5761825673
40.0256641707
39.4964263307
39.6468411218
38.9221028571
39.3075945524
39.5382103419
38.950961766
39.1391003856
38.90231239
38.9351233261
39.0248127765
38.5326007526
38.7372149899
38.3440696866
38.4918469653
38.5727908329
38.5299829479
38.7298250195
38.8980458024
39.121765618
38.9874741
38.9454131692
39.3474392718
38.7323627574
38.539267832
38.5056742483
39.1458310235
38.5534860571
39.1603123342
38.656713175
38.3384274478
38.1568634253
38.2775231342
38.2177419276
37.6019542373
37.7781501743
37.3968957157
37.4479611361
37.4839282543
38.0993982305
37.9403451797
37.7939790699
38.1688187448
38.6065332218
38.1749307938
37.9795878818
37.9236589303
38.4386612216
38.0537730734
38.4754617639
38.2515009736
38.0556220612
