29997.2257759
17029.3381225
11816.4306132
8968.41709981
7107.47598552
5981.83152725
5234.35760996
4549.37955102
3947.59651822
3510.88071866
3151.64111817
2806.09556571
2448.56573495
2199.95278078
1978.81810998
1808.7635705
1643.33195999
1502.36149376
1409.39229674
1315.98585587
1240.18112619
1185.02260155
1119.44032313
1070.64399132
1026.65365872
987.990193586
957.030103983
927.083999459
898.223700411
871.528670826
844.354256081
821.693686582
805.15471352
789.877225458
768.713253409
753.909285038
739.855123905
725.125793289
713.241527318
701.64641505
691.914131907
678.837503594
663.087828247
651.3009974
640.27556697
630.284309635
622.801263656
609.481778584
600.73523518
590.756127748
581.464901783
574.927203451
566.902281786
557.217520926
549.530350249
541.734508618
534.249421416
528.079568925
521.762106626
514.762121174
508.715727092
503.086594737
498.535995541
494.059075777
488.316245844
423.129786527
357.212193026
306.581645857
270.220787004
244.201193293
225.316750241
205.903137201
190.596501754
178.210914679
168.513783604
159.913555448
151.252262764
145.268841851
139.945140157
133.249312208
127.982754616
122.95420584
120.378827457
116.382473039
114.274987416
110.505586419
106.333960771
104.237534533
101.628592488
99.7941810202
97.286626126
94.1580696506
91.7957663975
90.8536764174
88.3760956211
86.9707712214
85.2251755983
84.3256642755
83.3296537263
82.2877948423
81.079230627
79.2976919513
77.5663512723
77.0186563583
75.6745724455
74.9898035721
74.2009305194
73.678630608
73.1801868076
72.4966681607
71.472535833
70.7574462168
69.8841759738
68.650353475
67.860161793
67.6905875047
67.0465056137
66.1137742025
65.2995590663
65.0369154005
64.1601005921
63.4482856361
63.6011145492
63.0684510524
63.1312808819
63.5325940036
63.7332611005
63.516945635
62.3871685031
62.0334226108
62.2990895464
62.0075233677
62.1591620849
60.530896711
59.8611776512
59.811152451
59.2082686488
59.0993244771
58.8981025355
58.2645147117
57.4814779992
57.3796860728
57.4929597395
57.1269178328
56.3625770597
56.7666776042
56.8782621275
56.8071849928
55.537191241
55.3000747652
55.342473213
54.8528896361
54.8635483981
54.570151109
54.8924898382
54.2627520141
54.1058599228
53.4083483889
53.6380633018
53.686633242
52.9816629214
52.6315937954
52.3746075719
52.9739359473
52.40081357
51.6910305308
51.7925760526
51.1676257945
50.9652558401
50.6927880453
50.6861737486
50.3324110494
50.1477738241
50.4117343403
50.6392522485
50.2298143977
50.2616892908
50.1690664696
49.2911221658
49.1238904388
48.8788467832
49.1877185316
49.8683595611
48.9734732038
49.2327613329
49.1026660779
49.0333990465
48.8488644369
48.2272013687
47.8681744323
47.602931094
47.7589745427
47.4789694768
46.9557325376
47.2080858116
46.4653582254
46.7026103906
46.9266739286
46.089031804
46.0054524208
45.5712979206
45.0842966822
45.1055885352
45.6790014987
45.6367848367
45.3804566113
45.1938299064
44.8689497946
44.7837084196
44.933554515
45.6047024741
45.5242748068
45.5284229386
45.1921228285
45.3278303836
44.3255105794
44.6782049127
44.4129475242
44.1156601509
43.9408870014
44.4605111856
43.911092859
43.8959889091
44.0555770903
44.1454092105
44.3164256258
44.0774640684
44.0123219046
43.7433837144
44.0229932222
44.5368296775
44.2921033374
43.6232005366
43.6776250954
43.3526867085
43.4736724541
43.0654393934
43.012429136
42.8562925437
43.1599348485
42.9636873543
42.7865228917
42.8809118684
43.3076167975
43.5067538699
42.776454756
42.6752857462
42.9490181548
42.9043059002
43.0526535207
42.3729230552
42.3076999953
41.7828262408
41.269336513
41.489569886
41.3844333442
41.7024291783
41.5138007559
41.2626031692
40.6614896324
41.4181783008
41.9649597271
42.2681260325
43.0034895443
43.2996060548
43.1522073145
42.6726796129
42.3598327138
42.6239519395
42.3654694943
42.7011685994
42.9997675019
42.2046853133
42.7132661654
42.5510270982
42.2620110898
42.5689373415
41.8027454314
42.2234393109
41.6249258072
41.9164605218
41.2744874902
41.0416563852
41.3014248053
40.5696846704
40.5995069505
40.1448931017
40.0781094451
40.0932229627
40.0554582173
40.1860097192
39.8122669429
40.2617896298
40.0999897545
40.3918321658
40.0792587003
39.4422176735
39.6115553473
39.5373695703
39.7974382219
39.6869079651
39.4568057061
39.1685233158
39.5157904255
39.3696324273
39.6728741748
39.5898126341
39.7710203002
40.1075390475
39.5791708919
39.165247383
39.5382967289
39.398158319
39.7406272183
39.8771144637
39.6936231285
38.5822548963
38.8967999559
39.3295305082
38.8104830378
38.96151919
38.2427627643
38.6412609598
38.8571675124
38.273582093
38.4705629558
38.2323838505
38.2751023345
38.3427079874
37.8576858408
38.0665699531
37.6759820292
37.8301085125
37.900494467
37.8556431529
38.052437034
38.2244386393
38.4514798437
38.3067605832
38.271878742
38.670083149
38.06226032
37.8720864607
37.8370069904
38.4701663832
37.8844861933
38.4916713157
37.9898718719
37.680070966
37.5056185407
37.6196552487
37.5498808726
36.9483044133
37.122970563
36.7475460277
36.8006873077
36.8427963714
37.4508313713
37.2909251036
37.1442563095
37.5135242891
37.9421715588
37.5262747299
37.3241578655
37.2774820581
37.7745951024
37.4093562038
37.8215374586
37.5928963376
37.4029210402
