66647.2339864
41765.5055863
30351.4365367
23690.6716091
19189.5099139
16416.0545075
14521.0644589
12892.4024248
11482.5591766
10494.3225644
9724.79650866
9024.81722304
8272.32810027
7763.21200621
7300.58615339
6930.80286885
6526.02066132
6130.61472867
5845.13802119
5542.34733422
5257.11531718
5030.65789866
4740.04275075
4492.85838307
4254.830004
4023.44345107
3817.72615796
3602.03058858
3398.5367376
3212.50006013
3018.64652425
2857.31073088
2727.50969029
2610.19141379
2470.36020147
2369.60268719
2276.73430331
2191.53288836
2114.37377945
2045.29187044
1989.34145697
1924.35170178
1852.84705941
1800.24505792
1752.49387871
1708.79323813
1675.5787418
1628.0455513
1593.49820384
1558.935242
1527.47095347
1503.68588319
1478.14136604
1449.17885277
1423.53384401
1399.89176945
1377.3746241
1358.81455009
1339.75147715
1320.38946825
1303.33825952
1286.39854556
1271.79551583
1258.19006902
1242.84299777
1087.43711819
940.073018153
828.814639973
738.462942275
666.958181678
609.814392014
555.575164285
511.389049678
475.539304668
446.297734366
421.352453149
397.207358484
378.464512658
362.495934677
344.483215872
330.102446132
315.573362651
305.617738489
294.912808358
286.873032931
277.080410554
266.986259881
259.624085005
251.864602735
245.743483348
239.379740702
231.153559382
225.339527291
220.455182248
214.477861452
209.694686955
205.214181693
201.029014485
197.563030261
194.182028091
190.735545223
186.506701828
182.52630833
180.281650351
176.572584266
174.322596818
171.569990531
169.783008623
167.179558132
165.510059044
162.804932824
160.77447632
158.489692844
155.775744388
153.543531063
152.145087973
150.024301194
147.655752027
145.994436028
144.58670732
142.230217263
140.581776445
139.67331153
138.584933656
137.700088057
137.726409184
137.161836078
136.327089268
134.608386557
133.409080803
133.103479924
132.186271991
131.693181776
129.832931143
127.783349022
126.978362508
125.617192116
124.83389107
124.050394522
122.638542659
121.235438362
120.543161971
120.122739613
119.416251886
117.975597985
117.834469659
117.526028944
117.312539828
115.592667698
114.581850304
113.985686522
113.032591148
112.827218366
112.019665072
111.975516975
110.984138697
110.443486199
109.14417301
108.959259117
108.835653466
107.627216888
106.70254313
106.131978708
106.655088729
105.735608821
104.737886218
104.470766876
103.430829889
103.210389571
102.237845629
101.796266747
101.385849169
100.579592803
100.912114398
100.685558333
100.084992213
99.7862186412
99.4902773907
97.8931330394
97.4887153258
96.7214890908
96.9063935545
97.4613452215
96.5427196779
96.4666996544
96.0961430395
95.9525644985
95.7144571271
94.6576001868
94.1196972094
93.3753517712
93.5559242486
92.9444463457
91.9399935409
92.0457364194
90.9716373745
90.8789389905
91.1018715083
89.9715088498
89.4915620305
89.0383556896
88.0087666565
87.6029758438
88.0452318948
88.1131082459
87.5207183043
87.1002962206
86.554037844
86.2041944392
86.279566512
86.8082088552
86.6901331965
86.3889786135
86.0217794912
86.0283684263
85.1744897442
85.2374364975
84.3570380688
84.2904473172
83.5276563836
84.4556477769
83.3205384639
83.18575372
83.3761361836
83.0100417476
83.3618225083
82.8652129488
83.0118838271
82.4137883592
82.6676927198
83.0495002969
82.6447322038
82.0250422647
82.001221575
81.3809867335
81.4044497699
80.8421702683
80.6923725666
80.3829287156
80.3478912744
80.3744019521
79.6543585951
79.9656099709
80.0632833063
80.2912632632
79.4886012207
79.3927453853
79.4080002643
79.2975630972
79.4494660235
78.5506570515
78.3149468114
77.8569429333
77.0387399143
77.1424577164
76.7202869159
77.2401663501
76.798187097
76.7058275203
75.5756082978
75.9856563257
76.4384711414
76.5541425467
77.3856662885
78.0139043456
77.9737199814
77.5858170909
76.9823505524
77.2320562151
77.1253522465
77.3164061429
77.5180660552
76.7366626937
77.1061336911
77.1976513899
76.6182492931
76.9399570397
75.9752765552
76.318487977
75.8206060739
75.8090404638
75.6140260325
74.8654169216
74.8405667054
74.2884909702
74.0231439711
73.4923894774
73.1879954987
73.1815888653
73.1892647283
73.340422771
72.5204577412
72.7322329859
72.7087399985
72.7602030198
72.7149527152
71.7641588662
71.4982648392
71.4163276706
71.6241883508
71.5920465743
71.2735700653
71.0947244851
70.9135149609
71.0357239875
71.2581004684
71.3821017265
71.1434692127
71.4841901262
71.1134156924
70.5086775208
71.1151840414
70.8385332938
70.8483976819
71.1055761147
70.9337261981
70.1164662792
69.8381304475
70.1792204756
69.715838164
69.7260884989
69.0890087405
68.9568302782
69.2235382945
68.7326435025
68.5915967937
68.3625846686
68.1658464728
68.6260313492
68.0124601789
67.8690725472
67.6041019626
67.542643786
67.7832721386
67.5981094831
67.794800887
67.9007721329
67.9479591791
67.9773490105
67.7576855469
68.1945381145
67.5565661135
67.2879286454
67.1988382421
67.700778209
67.2969595561
67.5282936005
67.2252591506
66.7894403503
66.5340749622
66.6020485148
66.6412828041
65.9490960115
65.8990436854
65.5929079242
65.451158787
65.241626681
65.7082491117
65.7548078636
65.6932429626
65.9339842753
66.3266808829
65.8999752909
65.8455956411
65.4747298489
66.0900351895
65.6457917384
65.9942759121
66.0181577959
65.7103640842
