31757.3955043
18799.6863682
13110.3908471
9825.36430498
7554.30703965
6047.19558723
4965.11973932
3954.91249569
3107.98982175
2530.8962601
2122.20935437
1803.65108185
1539.8877193
1382.38622166
1260.88705264
1176.33408768
1099.82232393
1033.7776866
990.111159951
946.47809457
911.085275002
884.46133367
849.066012513
822.409570578
797.542245957
774.717616489
756.627388008
737.761847371
718.973379467
701.312395002
682.690123645
666.943918805
655.545214387
644.830988574
628.973855557
617.92580959
606.834279506
595.833842502
586.602840614
577.549131113
570.271596784
559.555923209
546.854486555
537.316816826
528.524832762
520.42271957
514.495131521
503.386366756
496.500615317
488.191266188
480.561545839
475.264692295
468.320560085
460.131554558
453.968488359
447.363979068
441.24923531
436.192392837
430.716283215
424.771464975
419.722920038
415.148859714
411.480820242
407.984342884
403.034466393
350.333006075
300.26962479
258.874910138
228.274759465
206.449322165
190.73316119
174.62599249
161.994280858
151.655155499
143.446318156
136.299397758
128.945190081
124.018735716
119.55831597
114.036033373
109.350110169
105.253488251
103.010350966
99.5929732917
97.8682030928
94.6214872731
91.0689275176
89.2762414747
87.1147402721
85.5455849327
83.2016433448
80.7678394204
78.4881762099
77.8267267576
75.7615197608
74.5795493009
72.9852839301
72.3012070019
71.490271438
70.5452036424
69.5582083689
68.0686408693
66.551110723
66.0132206663
64.9616840712
64.2986750774
63.6847634225
63.1261865475
62.820013436
62.0902482552
61.2839970753
60.68209871
59.9050290842
58.8814025679
58.2040723799
57.9838389949
57.520734824
56.7330170226
56.0061264123
55.7649785598
55.1121745806
54.4093237009
54.5980015827
54.0390860176
54.1638135786
54.3841854079
54.6521051612
54.5064808283
53.4962139998
53.1842908888
53.4129343407
53.1659418894
53.3710811579
51.8183976378
51.3546225949
51.2398039746
50.7864447106
50.6970000228
50.5301301335
49.9920622515
49.2959023415
49.2236851192
49.3199417886
48.9476694846
48.2999450889
48.6893949206
48.7979622645
48.6896216363
47.6211471804
47.4097457139
47.4792217315
47.0276857211
47.0300203154
46.7674595135
47.0504160449
46.4975940084
46.4069560714
45.8295584864
45.9803627864
45.9696740034
45.4170478195
45.1584742808
44.9236055958
45.3841494101
44.9154306365
44.3116991464
44.3636291991
43.8691664863
43.5827170837
43.4844171292
43.4906903814
43.1419028965
43.0138123441
43.1625643279
43.4006374396
43.0518349438
43.0815383813
42.9766982423
42.2836664694
42.0853536074
41.970596782
42.130295118
42.7302786343
41.9855842684
42.2017991682
42.1068933064
42.0075820618
41.8336264667
41.3541786952
41.0119174168
40.8174717756
40.8763320098
40.6725860729
40.2546528976
40.4429859334
39.8316014557
40.0267385642
40.1450182489
39.4479656869
39.4125001678
38.9749435519
38.6001937706
38.6660439206
39.1565868312
39.0600868655
38.8884013231
38.7325651023
38.4356882814
38.3920690013
38.4693171604
39.0502073226
38.9683624678
39.0236286112
38.73110985
38.8580719826
37.878683287
38.2208465683
38.1085848152
37.769623521
37.7221760025
37.9896151818
37.6485830557
37.6384925234
37.6752758267
37.869666751
37.9601252912
37.8010616157
37.6726061773
37.5248697916
37.6824014022
38.1646637549
37.9918080223
37.3859803767
37.4058864893
37.1755159434
37.2195117019
36.9013993509
36.8294349834
36.707750976
37.0207706858
36.781633755
36.7169159908
36.7148589608
37.1055736183
37.2809815028
36.7027858876
36.5598005238
36.8393382033
36.7835006889
36.8534052683
36.3319905013
36.241043524
35.730234313
35.3612996153
35.5292602008
35.4883642002
35.6935902011
35.5636024683
35.2863082103
34.7803358131
35.4162427331
35.937804258
36.2140333552
36.8335388195
37.033897123
36.9284854095
36.5128035985
36.2643407703
36.4880414009
36.2489338269
36.549387842
36.8120470892
36.1270771048
36.5762432302
36.3990515972
36.1896082128
36.4297890207
35.8318580219
36.149418689
35.6039878074
35.9281777319
35.2548993042
35.1465549263
35.3825631723
34.6995371624
34.7388072961
34.352468104
34.3244433077
34.3133569916
34.2211556506
34.303397696
34.0747231284
34.4624263384
34.2965637885
34.5680955977
34.2407700278
33.7381794044
33.9222101686
33.859484687
34.0827286817
33.9726438788
33.7857686026
33.4934368632
33.8792047164
33.7142012263
33.9721281229
33.8034755919
34.0600215472
34.3528923798
33.8707511516
33.5457385209
33.784660367
33.7150390589
34.0465821761
34.1272204707
33.9906059861
32.9588547783
33.3156735718
33.6474467579
33.2064501444
33.3494830124
32.7043571882
33.1299298337
33.2690702928
32.740690428
32.9621281875
32.732066277
32.8149479902
32.7826145729
32.3611179754
32.5744002876
32.2194136652
32.3907498686
32.4115483702
32.3603979736
32.5304661687
32.7054760909
32.9303427551
32.7516379166
32.748222159
33.1012282666
32.5677269431
32.4051356542
32.362304586
32.9221400747
32.404384692
32.9725773012
32.5112783039
32.2575156064
32.1267171419
32.2037919866
32.0962667805
31.5959069158
31.7526815608
31.4281721885
31.4853451944
31.5499618048
32.0824961525
31.9294024336
31.7940231814
32.1134184745
32.4741523727
32.1515025167
31.9344056424
31.9320093641
32.3156128156
32.0599364483
32.4010537705
32.1699240271
32.0187117532
