17749.3239552
9368.77992992
6255.64217336
4584.74567063
3413.10215081
2637.04269773
2129.81291892
1659.9634137
1333.92281632
1126.688214
992.150631438
892.896703723
798.323893533
745.305693333
701.540227164
667.374743698
631.542495884
598.771681511
577.604238392
553.020493153
532.900386663
517.137715647
495.394373913
480.130322594
463.054492314
446.921940216
433.392337841
419.427057963
406.839435377
395.579245865
382.283579218
370.62945165
363.112669916
357.315212932
346.989425307
338.930346722
330.809050147
323.248527477
317.648506182
312.292614446
307.919786538
299.912890338
291.436648822
284.243047526
277.638638686
272.120065325
268.459343786
260.132273217
255.805767848
249.186189919
243.167099627
239.392884688
234.422106059
228.294849532
224.574147588
220.052589359
215.377394134
211.667261562
208.326871787
204.9356828
202.41836741
199.656273114
197.81019475
195.704764416
193.15479153
163.977136628
140.429269338
123.931696562
112.694243327
103.419608377
97.4043785438
89.3403747956
83.7270679668
79.3601050878
76.507645513
73.6764211901
69.8493979967
68.2092169612
66.8260421493
63.9110099853
62.2262522618
60.0837070747
60.4171999903
58.2487361466
58.2198250071
56.5689140613
54.1360370633
54.1351048389
53.4004718964
53.1112781312
51.701681921
50.53439908
49.2872501789
49.9288629274
48.084419807
47.990807876
47.3775805017
47.5381327767
47.3254669264
46.8629893023
46.4249517491
45.3339377493
44.4229212693
44.3620179856
43.7627543459
43.7578534256
43.5621282087
43.5337111033
43.9069650529
43.3933629794
42.6406170417
42.326431333
42.1581922658
41.3668324125
41.1232890277
41.5782423329
41.5107501253
40.7314927245
40.1566930021
40.4340969565
40.1247150672
39.5032553011
40.2632072194
39.6962202297
40.1675530726
40.899270556
41.1894009181
41.2894429664
40.1758483591
40.1071326813
40.6439655812
40.649954714
40.9538339222
38.8006564796
39.049089622
39.3144151787
38.7273938586
39.2262378619
38.9496705892
38.5370963926
37.7072339542
37.9119289472
38.4235231245
38.0323256629
37.2739839969
38.0755872833
38.4115145602
38.2102475999
36.7598530876
37.0848628325
37.4515895041
37.1059884187
37.2210787585
36.7873871329
37.4831016842
36.6778342815
36.796976421
36.3504006853
36.6497723315
36.9292521073
36.1459890703
36.0519448499
35.9078411588
36.8228600334
36.1893291912
35.1831508407
35.755949749
34.9906575116
34.7040332551
34.8815723791
35.1448784085
34.637827264
34.6928214012
34.938366803
35.5653221621
34.9625520661
35.3499869717
35.3810495548
34.7196793588
34.5465787106
34.4956103151
34.8578120348
35.6797493585
34.4970721485
35.1014644347
34.9467156194
34.8972375649
34.8069274539
33.9675868177
33.5386391132
33.5313266838
33.7635356825
33.7701691612
33.3184924916
33.630296148
32.8466502133
33.3357660202
33.6986225356
32.6551175254
32.8955376537
32.2556015691
31.8504241026
32.2366698722
33.0277450235
32.8204676819
32.7739456959
32.4773053596
32.2175357518
32.350192434
32.5411116359
33.3798550476
33.4531259466
33.4101116922
32.9346722134
33.2045632556
31.3593747044
32.4775839408
32.3124773129
31.7066353035
31.8374192855
32.4550423093
32.2017183213
32.0461865032
32.2800743836
32.6166000116
32.7589016812
32.4196664892
32.0884739235
32.0839810404
32.3625141243
33.18846353
32.8532119582
31.8439737303
31.9703390587
31.8305752965
32.0730846704
31.629472988
31.507248681
31.6191769592
32.1290880696
31.7806128573
31.7806413955
31.751967447
32.5812774279
32.6356686082
31.7845356316
31.5168234298
32.1950978613
32.0601886222
32.1765344614
31.3663773697
31.4815350004
30.6120950586
30.1141852176
30.5905213456
30.5664970982
30.8584757891
30.8841248273
30.4242032505
30.4118110207
31.4824719002
32.2990055315
32.420646836
33.3328214413
33.0913771041
32.6023396733
31.9192197807
31.9060269192
32.2167550593
31.9748649901
32.2899356534
32.8567872232
31.7670635085
32.5205912695
32.0215270244
31.6519794582
31.9944273441
31.388829109
32.0886690152
31.2678330049
31.7164258273
30.5048259437
30.7432461219
31.2436523056
30.3183841042
30.4198797125
29.9356314167
29.8441131725
30.0604126819
29.9083124251
29.9588730899
29.8606309217
30.5902776051
30.430544813
30.7486643061
30.2601655582
29.7236319226
30.2480867687
30.0042957675
30.2525027864
30.3500874896
29.6511517997
29.4804885291
30.3514885034
29.9311515654
30.2964470618
29.8378815579
30.4406537591
30.7572361699
30.2042564469
29.3788512669
29.7788143821
29.8199214562
30.5636046012
30.5969600049
30.2573990767
28.574160119
29.5842797008
30.2781728124
29.4897782738
29.7473950133
28.587145024
29.6950479364
29.8661022042
29.0151125696
29.4439416913
29.4702659304
29.2718741743
29.0223579178
28.5418215883
29.1711786323
28.5834804369
28.8249347932
28.8517497005
28.9273727794
29.093185285
29.4588615676
29.7315760933
29.5334599167
29.788904438
30.0671802336
29.033105455
28.8665997813
28.9595702089
29.8245885597
29.1358477243
30.1188522565
29.2383123444
28.9195381223
28.9195463239
28.8661466101
28.7283150685
28.2114042308
28.5537689658
28.0058211732
28.2063930236
28.6548268242
29.3529066972
28.80505688
28.6338287857
29.0476458515
29.5093289858
29.1023336856
28.6041168855
28.9656349015
29.2104466357
28.8930125111
29.5045022508
29.064972247
28.9615627781
