15486.2414389
7927.13081353
5316.14630328
3976.66861074
3086.38270712
2534.73060189
2183.21061692
1812.58373278
1518.80874423
1306.05744717
1148.65843101
1023.61257951
905.487111623
831.833517787
770.567092784
722.435172134
676.489887558
633.382344111
603.076194127
571.057959589
545.048508436
524.133184845
497.97030708
477.924416781
457.237511954
438.389478015
423.264470034
408.153336894
394.502796774
381.723639744
367.937659715
355.564916274
347.675901926
341.945115857
332.087938205
324.128092569
316.205828679
308.560901938
303.611666415
298.709778558
294.364378959
287.069392873
278.966403278
272.262617503
266.335436093
261.826002071
258.837148682
251.366222789
247.709258259
242.164066885
237.16203934
234.45145331
230.485503506
225.228410351
222.432468419
218.761739651
214.96137007
212.040116435
209.618078671
206.63302193
204.467626127
202.28970251
201.010898415
199.348014212
197.194861532
169.67391881
146.68119783
130.496344479
119.398346407
110.081151184
104.092933766
95.7825653945
90.0078365426
85.5259391813
82.6280606817
79.7100750831
75.6927228886
74.0234415902
72.6149637022
69.5282329211
67.777135146
65.5004850514
65.9251926626
63.6065818804
63.6197786603
61.8565447089
59.2303023277
59.2637756936
58.4918079178
58.2052626587
56.6880815743
55.4278839984
54.0832847992
54.8083862836
52.7995663758
52.7141368311
52.0577881999
52.2511074068
52.0314886688
51.5354915179
51.0654557044
49.8751350429
48.8823462179
48.825414477
48.174867981
48.1784134553
47.9708256659
47.9482235066
48.3666938108
47.8093047648
46.985698638
46.6456383687
46.4662472739
45.5991420211
45.3361079453
45.8440971106
45.7740981881
44.9194387096
44.2893381481
44.6002724408
44.2620901641
43.5813845739
44.4236637803
43.8021512205
44.3252421506
45.1371182404
45.4605623877
45.5739735813
44.347774833
44.2747726793
44.8702008458
44.8790696847
45.2174030946
42.8435744385
43.1193836218
43.4152070624
42.7690229722
43.321900309
43.0181013191
42.5643823072
41.6497981819
41.8774071224
42.444351452
42.0139174721
41.1777587238
42.0648900372
42.4375449403
42.2170408631
40.6156662759
40.9762844456
41.382788576
41.0026405462
41.1313891985
40.6531865469
41.4235005281
40.5347944476
40.6673032355
40.1746811958
40.5070629493
40.8171746945
39.9519276463
39.8487869632
39.6906113016
40.7035064149
40.0040477402
38.8923554088
39.5269942865
38.681268611
38.3657972242
38.5621492431
38.8544303836
38.2946121512
38.3562354783
38.6287166952
39.3228444714
38.657012787
39.0862078446
39.1216481745
38.3903985413
38.1999929781
38.1435123114
38.5455062484
39.4550806683
38.1475972238
38.8166098097
38.645945543
38.5921559716
38.4927079602
37.5646505713
37.091165452
37.0834003096
37.3410355606
37.3486759609
36.8494539606
37.194930372
36.3282384479
36.8697963291
37.2719862249
36.1181452174
36.3840646032
35.6773266778
35.2292738302
35.6566196535
36.5320872025
36.3035372058
36.2523570129
35.9242451428
35.6375530835
35.7846386296
35.996374128
36.9247425571
37.006095954
36.9587578557
36.4330624746
36.73182064
34.6922135717
35.9287084221
35.7457868017
35.0762329885
35.2206934523
35.9054151152
35.6244450649
35.4527888479
35.7125016206
36.0843902262
36.2426185781
35.8674888731
35.5015722813
35.49605764
35.8053509479
36.7192092224
36.348408496
35.2320613218
35.3724144599
35.2175301547
35.4866694257
34.9958582434
34.8610789874
34.9849763685
35.5491753823
35.1641640081
35.1639354081
35.1328563782
36.0509253081
36.1110984111
35.1690586422
34.873212702
35.6236042431
35.4748553751
35.6038719722
34.7074172397
34.8354378407
33.8736364843
33.3223771183
33.8498688252
33.8232735166
34.1469148993
34.1752022199
33.6666946773
33.6537336639
34.8389631469
35.7422997318
35.8772143935
36.8867319771
36.6200345427
36.0789735286
35.3230528595
35.3086593121
35.6526400434
35.3852731003
35.7342341874
36.3616320645
35.1557007798
35.9898943229
35.437746731
35.0290133781
35.4081434954
34.7378754786
35.5125908016
34.6043409408
35.1005456578
33.7603501301
34.0240635074
34.5780246824
33.5542605767
33.6669008097
33.1308687076
33.0295562621
33.2692880308
33.101223893
33.157574803
33.0485624745
33.856376775
33.6797067754
34.0320534076
33.4916859516
32.897803655
33.4782399223
33.2083678184
33.4833749041
33.5917390131
32.8181153076
32.6294525122
33.5931278634
33.1281228595
33.5325877976
33.0260693329
33.6925673516
34.0430991204
33.4312375209
32.5176756077
32.9608026998
33.0061480212
33.8292310406
33.8664847631
33.4905649801
31.6277181472
32.7456623944
33.5141724441
32.6414167422
32.9266822242
31.6427102865
32.8687305935
33.0584141718
32.1164022073
32.5911390131
32.62048918
32.4008443381
32.1250695642
31.5932505871
32.2899535761
31.6395421461
31.9065602162
31.9368423867
32.0204652385
32.2042367062
32.6088075902
32.9108276668
32.6918479768
32.9745134295
33.2824968086
32.1381317075
31.9540421589
32.0570016372
33.0145441626
32.2523722971
33.3403187567
32.3659983417
32.0129422116
32.0128460755
31.9540242337
31.8017848272
31.2295642705
31.6087560274
31.0021888572
31.2242350649
31.7205385731
32.4935374082
31.8869287502
31.6976202008
32.1556529169
32.666796708
32.2162755442
31.6649269737
32.0651385704
32.3365000423
31.9847354033
32.6618391701
32.17549836
32.0608975793
