27955.3386994
15658.7422527
10684.471257
7947.70090572
6140.8527325
5024.40295866
4280.81337654
3602.93703028
3028.544972
2627.23900992
2318.28325071
2046.46876434
1788.81332728
1625.33237423
1488.5299224
1388.27017271
1290.47301544
1205.18707033
1150.06268625
1092.3693957
1044.48775567
1009.4626889
962.966078425
928.334746896
896.184205919
866.645498002
842.914631131
818.350292513
794.296237218
772.018394893
748.289551284
728.672735713
714.431117178
700.91055343
681.022816196
667.375434311
653.890346337
640.545571767
628.98277822
617.759395213
608.823033911
595.732359461
580.211907763
568.714232175
558.12532891
548.331255946
541.100584967
527.741658625
519.394259007
509.507186044
500.450087618
494.113499427
485.832005619
476.177688947
468.800367511
460.960547914
453.813314211
447.875649212
441.444068436
434.434676677
428.504629043
423.137609748
418.802756529
414.774370568
409.075166122
351.092912718
301.063187757
264.307880757
236.464230564
215.138331659
199.361369769
182.885000463
169.987377398
159.362135218
150.834469347
143.517236799
135.852273675
130.874886865
126.302098575
120.685179017
115.652039985
111.528480591
109.186144974
105.617735733
103.906010397
100.490074087
96.7723327313
94.9149981819
92.7175978427
91.0906819421
88.4769219988
86.1113642609
83.5114773482
82.9575391087
80.8284241724
79.6130999297
77.8604082176
77.2287456267
76.4217601248
75.3917791727
74.3968137397
72.8522358289
71.2202736595
70.6088197128
69.5815436468
68.8278014492
68.2376870956
67.5666001991
67.3512771299
66.4690634511
65.675945727
65.0527223484
64.209483404
63.1510143475
62.4368540016
62.1524850495
61.7384817661
60.9132247242
60.1189439123
59.8573890189
59.2452861993
58.4256850506
58.6840876962
58.0097046253
58.2088031701
58.3547319547
58.7282261587
58.6117472305
57.4992047749
57.1641400334
57.4176773698
57.1615310004
57.4491342383
55.6594006235
55.2556778125
55.0798570233
54.6489836025
54.561662245
54.3920507508
53.8220389847
53.0577436676
52.9969179609
53.1043527276
52.661144717
51.973859535
52.4323828802
52.5641961503
52.4133269211
51.2836770792
51.0534759384
51.1593746041
50.6511051915
50.6524511564
50.364294627
50.6783264612
50.0755052624
50.0165730005
49.4139335995
49.5423283297
49.4917083597
48.9410238239
48.6986034296
48.4365454209
48.892879498
48.4090158642
47.7645353714
47.7950229968
47.2975547455
46.9001528794
46.9062413131
46.9253655097
46.5150049836
46.4037226028
46.5045249217
46.7984771728
46.4262432462
46.4622606433
46.3315030853
45.6339221906
45.3777563088
45.3329817883
45.4223700142
46.0853327464
45.3023022617
45.5327613131
45.4457333539
45.3081143989
45.1096247379
44.6372162
44.2418843764
44.0603680057
44.0649036817
43.8764126475
43.4513532629
43.6337591292
42.9957959982
43.2014831404
43.2706388618
42.536573777
42.5289522605
42.0056604506
41.6366706757
41.7476178559
42.2776373007
42.1261428698
41.9810763336
41.8172435425
41.4828932726
41.4611188723
41.504132674
42.1375420473
42.0399765576
42.1424111154
41.8242031195
41.9712210224
40.8177464492
41.2205113613
41.1931739522
40.7601712835
40.792679841
40.9392543921
40.6765403373
40.6694487315
40.629221139
40.9352902168
40.9886361058
40.854945347
40.658331141
40.5667080807
40.6712407999
41.2273468217
41.0714424473
40.3911885018
40.3923378012
40.1832865223
40.1832606025
39.8662418835
39.7679502764
39.6471531501
40.0290088512
39.7138410379
39.7149270995
39.6466392717
40.0896928968
40.2840940911
39.6982690787
39.4988882666
39.8381683918
39.7644933733
39.7942526762
39.2809287057
39.1547684413
38.5540726226
38.2133478639
38.3787915233
38.3750638575
38.5430943257
38.4289186029
38.0794624887
37.5408926244
38.2190113216
38.8263043849
39.1388819492
39.8005727522
39.9748340496
39.8782795751
39.4255901188
39.1735489571
39.4139738898
39.1419618202
39.4777144768
39.7675473714
39.0248059996
39.5217995873
39.3001679299
39.1052638226
39.3467961079
38.7484816513
39.0577044699
38.4420266678
38.8532593703
38.0261355698
37.9833783366
38.2499875755
37.4666309219
37.5208925629
37.1059970695
37.0998839301
37.0689445821
36.9213984235
36.987013632
36.8139410928
37.2357867983
37.0350450839
37.3464728558
36.9449608109
36.4368890845
36.6678860608
36.6010959192
36.8431748157
36.7123005465
36.5187070334
36.1663655759
36.6553605119
36.4452470024
36.7230378833
36.4623892469
36.8219158914
37.1427008482
36.5978969983
36.2705760577
36.4642477225
36.4300944952
36.8198592631
36.8780504234
36.7472384356
35.5674379281
36.0243051585
36.3519326904
35.8782728552
36.0443802564
35.3232965903
35.8519297874
35.9655322359
35.3715157524
35.6539996362
35.3845271391
35.5118297265
35.404183409
34.9437654742
35.2025382638
34.8024643189
35.019861751
35.010727479
34.9453916328
35.1308244114
35.3429656821
35.6110226617
35.3736889702
35.3918207361
35.7834754276
35.1963304404
35.0207932223
34.9647183815
35.5845766683
35.0120817978
35.6655841373
35.1416347802
34.8767598994
34.750568313
34.8175245694
34.662822207
34.1340884293
34.3096509697
33.9564410018
34.0279680481
34.1213133927
34.7072517665
34.5287781057
34.3745705212
34.7226546564
35.1078929801
34.7865076477
34.5161107823
34.5441861452
34.9252075173
34.6951713955
35.0547870992
34.7762336511
34.6221730867
