114402.713061
86904.3134873
70295.5359664
58898.1598678
50286.5479134
44416.023829
40055.561242
36307.8552464
32949.1673451
30456.3531857
28458.9709738
26633.6361965
24760.6508842
23379.8896961
22127.0355992
21140.8242886
20080.2721088
19070.8050411
18349.2964731
17592.4030095
16893.9657073
16364.6541894
15717.3089461
15169.8510625
14661.0623291
14179.0595195
13758.5025838
13318.4791314
12898.8099053
12506.2332409
12084.5167913
11722.7936182
11418.577093
11132.2266858
10772.6968685
10496.5290004
10209.7420336
9948.90375653
9684.75543204
9433.39136298
9222.01237959
8961.9694602
8666.48660068
8416.92330931
8182.34706727
7954.6349474
7763.99146379
7506.43565498
7307.97915488
7091.43862785
6891.31400931
6717.97131057
6517.67146674
6306.25772471
6129.99303328
5945.58496295
5777.98837116
5625.4218246
5459.19010308
5294.04841124
5145.9414787
5006.82409429
4875.61297448
4760.83606938
4625.22659852
3410.90303873
2569.92830406
2113.33007615
1846.0588987
1671.71994895
1545.1422422
1439.18185451
1355.68093273
1283.15804196
1221.77789442
1167.75745924
1116.22064609
1071.54747572
1032.12333836
992.491783496
955.082715527
920.971960816
890.131754305
860.935559476
834.95314919
808.77117861
783.03276069
759.907498209
737.397305247
716.84475078
696.675977596
677.178358493
658.487460871
641.360570501
624.529603982
609.017472217
594.023776285
579.782525767
566.631167176
554.176017375
542.683774433
531.145309087
520.030044213
510.230383953
499.941073836
490.782157615
481.648349183
473.454426746
465.187265566
457.525934968
449.627683764
442.40501123
435.232786859
428.021083883
421.10911532
414.566742087
408.100692179
401.330415049
395.522365424
389.945946427
384.153744796
378.49210107
373.536967544
368.71387208
364.193777191
360.396086161
356.426249258
352.649315167
348.493381045
344.339559447
340.941878575
337.296197997
334.018681078
330.220364083
326.014087187
322.314656002
318.709275669
315.485936687
312.220448978
308.677621942
305.204201003
302.13674303
299.434627391
296.683049021
293.453785733
291.007098595
288.591924198
286.397022217
283.474261145
280.553770682
277.986343603
275.28017788
273.379990248
270.652538396
268.508979892
266.038468651
263.977482614
261.483618579
259.353571719
257.374667434
254.99937532
252.682308319
250.632691663
249.216579948
247.408094066
245.308241321
243.561932588
241.418686427
239.847517906
238.016775069
236.397680229
234.866638087
232.862166689
231.689491976
230.336083993
228.655478993
227.212744736
225.900531016
223.763521649
222.044700626
220.344293393
218.964349918
217.977157747
216.543089618
215.352877032
214.068576991
212.998919435
211.940864095
210.204433629
208.810667992
207.335881562
206.392759664
205.179103231
203.528543804
202.47247058
201.009862708
199.808698101
198.775392533
197.435065576
196.239085168
195.031584057
193.314328312
192.009347453
191.186089853
190.381953524
189.249499213
188.116697498
186.944033985
185.87222479
184.987992023
184.39654878
183.620473104
182.645161175
181.781534642
181.106101948
180.019739382
179.37539293
178.063391786
177.299174375
176.110117611
175.916706527
174.80293438
173.963277512
173.276376827
172.343064085
171.921364482
171.038177472
170.548823917
169.762937301
169.18546987
168.788345695
168.057722436
167.249395557
166.707381437
165.872001836
165.239092431
164.397167894
163.629801631
162.93855409
162.246725948
161.839726145
160.83762413
160.543442958
159.932493165
159.514001673
158.814896738
158.260130235
157.810301428
157.309294213
156.733653316
155.915070923
155.22778507
154.51216791
153.633249155
153.115214688
152.309629537
151.998656567
151.380885611
150.837244475
149.539927278
148.809250725
148.347860604
147.647995059
147.458066457
147.313256957
146.947551442
146.44874627
145.79087083
145.423819056
145.188927604
144.835916448
144.557043074
143.917675596
143.715085997
143.487356545
142.855493946
142.593458971
141.931756209
141.603761435
141.17684644
140.790463108
140.451365849
139.861839291
139.229493068
138.761192945
138.149694843
137.635864754
136.935564471
136.480263961
136.148289178
135.827757129
135.060780494
134.60715868
134.38116353
133.917836278
133.732419865
132.91816879
132.246874122
131.684049598
131.350084227
131.124661038
130.651739873
130.342571313
129.861146491
129.679502774
129.597645056
129.376866702
128.962731752
128.710621768
128.4243854
127.768906788
127.714733314
127.480050938
127.078454385
127.005959013
126.728074467
126.237791986
125.770878706
125.539010211
125.097416527
124.816153851
124.225881409
123.788591056
123.503586891
123.143152893
122.702037335
122.332382667
121.84898848
121.79938087
121.355371716
120.836166746
120.487662004
120.120469493
119.989793084
119.653083208
119.439288847
119.337795191
118.982898713
118.804127925
118.494478703
118.477355825
117.969067706
117.519430386
117.287090735
117.220917516
117.025893196
116.727931835
116.443104909
115.973506354
115.635009479
115.412081235
115.196649287
114.826002218
114.448265621
114.20891283
113.860583075
113.478994744
113.305644809
113.173970678
113.086890001
112.961637974
112.879361896
112.61599976
112.431654279
112.104441641
112.047025141
111.788914924
111.675838068
111.70473605
111.389086602
