47295.2084332
29606.1103024
21452.5229032
16682.9204585
13454.5254603
11454.7512245
10084.1511149
8898.40738464
7864.84146661
7132.13263293
6552.50942569
6012.76992855
5435.33559994
5029.1734483
4651.17362698
4343.58117154
4004.41750968
3678.37023899
3443.81002115
3196.22805758
2970.51890571
2798.16588942
2590.90784081
2425.20286603
2276.78438357
2142.44420677
2031.67026468
1923.51108029
1825.6670047
1739.44576443
1653.69033391
1585.27489082
1533.1794344
1485.85444241
1427.5648742
1387.54041713
1351.09164642
1315.56302877
1284.369566
1255.64616098
1232.26341679
1203.72380653
1170.4416375
1146.49953869
1124.37786309
1103.84223198
1088.28380661
1064.03555269
1046.89493574
1029.08640113
1012.70593432
1000.5468661
986.6584699
970.506038964
956.453211452
943.121303408
930.57785764
920.20560494
909.192882218
897.683702668
887.57221394
877.827926247
869.459960631
861.80690045
852.421334791
756.054470825
665.984686902
597.596202945
542.460761363
497.278755868
457.823165606
417.052606914
381.284259036
351.076251435
327.14307714
307.296263825
288.808271755
274.683629553
262.712231452
249.613769387
238.523967013
228.218135362
220.769691576
212.797109606
206.936774454
199.701128797
192.284494796
186.925575045
181.281884465
176.746070946
171.82539645
166.147960981
161.519153495
158.126385372
153.851298306
150.410064755
146.942508232
143.991908489
141.483786945
139.012639265
136.535241507
133.536285248
130.554763527
128.82505843
126.26926606
124.542172305
122.608834269
121.144960667
119.427782104
117.995717442
116.149768338
114.696455784
112.988453482
111.039700347
109.422631823
108.322201791
106.881159722
105.236404219
103.966512008
102.934498995
101.365934785
100.065494866
99.4674314019
98.53949396
97.9919735692
97.854899796
97.5568916513
96.9942353645
95.6662037084
94.8244626716
94.5948677582
93.9288179424
93.6706141463
92.1175979168
90.7893893215
90.1705299077
89.2410053503
88.6720994295
88.109580287
87.125637953
86.0984859002
85.6053362115
85.2930776461
84.6962137604
83.6996984431
83.6440944782
83.4380280208
83.2263414253
81.9847186125
81.2645025456
80.885357566
80.1629581721
79.9514452771
79.4053672495
79.386293119
78.6683895893
78.3050872656
77.4068352348
77.2536400018
77.0870282602
76.2714307115
75.6727136665
75.2470643407
75.5421473292
74.9028875173
74.1875203845
73.9859116186
73.2859996133
73.0053548455
72.4433749376
72.1587988537
71.7932068852
71.2850702963
71.3916687644
71.285184324
70.8651860695
70.6587551672
70.4248453995
69.3484272818
69.0092577242
68.5510181651
68.5971339629
69.0164526537
68.3397253998
68.2984964577
68.041613824
67.8936629874
67.6756163902
67.0034564182
66.5918086758
66.1133278823
66.1434222739
65.728152641
65.0705887537
65.1215492514
64.3770843691
64.3101651832
64.3795354999
63.5979498994
63.290410293
62.861873262
62.2095012822
61.9844442083
62.2985172644
62.2665812082
61.8880792712
61.599492121
61.2034131989
60.9820117937
60.9786157837
61.3716916426
61.2613377974
61.1323827539
60.8558059966
60.8587712129
60.1376685527
60.1948531871
59.7281749241
59.5598456099
59.1677989153
59.6007182342
58.9295153917
58.8367704015
58.8710991193
58.7487389084
58.9199692147
58.6331525487
58.6545428648
58.3061695143
58.4226329808
58.7298750548
58.486141122
57.9966946824
57.9558195778
57.5551154012
57.5207903679
57.1468179589
57.0224226652
56.8024870433
56.8542199021
56.7616716732
56.3840819858
56.4932644867
56.6206718439
56.7836128846
56.2309566863
56.1071686042
56.1735115611
56.0811317805
56.1410147474
55.5520164945
55.3598380725
54.9493132131
54.4361949743
54.4944938019
54.2683101137
54.5519412131
54.2735578172
54.121267438
53.3320130146
53.617260526
53.957854643
54.0944718212
54.6626515781
55.0559075061
55.0553920848
54.7667431202
54.3702996307
54.5402079211
54.4117311449
54.587139246
54.7478415814
54.1668354791
54.4511739144
54.4541273513
54.1160882738
54.3288071532
53.6916716569
53.9006022457
53.4762625733
53.5677587286
53.2690880098
52.8413272204
52.8800887636
52.3914470479
52.2429244145
51.8372478375
51.6752170467
51.6461820336
51.58287793
51.6579218232
51.181011145
51.367035735
51.2773225875
51.3804899924
51.2303232379
50.6040531525
50.4793573079
50.4266031419
50.591229907
50.5280841037
50.3343474859
50.1343279816
50.1287843135
50.1409822647
50.296082612
50.2911927135
50.2347352207
50.4975003711
50.1699312764
49.802996322
50.1343152211
49.9762236991
50.0576467831
50.1878213388
50.0864390861
49.397189264
49.3130813595
49.533086219
49.1846171609
49.2148186131
48.7253386755
48.7449909679
48.8929239844
48.4778350537
48.4605536389
48.2470894075
48.1731910577
48.383406236
47.9484246563
47.9044750623
47.6648699794
47.6819578632
47.7939472343
47.6638405732
47.805989501
47.8929205681
47.9856185961
47.9399092776
47.8046766106
48.1210239807
47.6734153664
47.4873680174
47.3958782213
47.7883043995
47.4412914715
47.698704766
47.4367114801
47.1459354668
46.9725016261
47.0117185604
46.9904029269
46.4897412977
46.482827395
46.2429797423
46.1679655107
46.0473708817
46.4126977363
46.4132430973
46.3406085194
46.53580096
46.833036904
46.5439913969
46.4533948842
46.2361941854
46.6431319593
46.3748159149
46.6236827838
46.5657431797
46.3729766035
