13653.9581287
7055.29196718
5160.1709748
4215.34885878
3602.02951239
3261.32114179
3058.7184972
2844.56739455
2639.38397672
2491.55330061
2374.86536748
2275.25894956
2146.50190147
2070.44153432
2001.87960941
1944.59912089
1886.08945006
1824.42327089
1779.32325902
1734.64231104
1695.64764554
1664.54966601
1621.61160649
1587.76855799
1553.49421005
1521.02650113
1494.07321357
1466.05664267
1439.11230252
1413.26862306
1384.63510949
1359.247474
1340.08805414
1323.32132388
1298.78717251
1279.57159832
1259.53253589
1239.61520211
1223.04516968
1206.55105613
1192.30741021
1172.29082942
1149.47419744
1130.17473494
1111.61260564
1094.01013037
1080.61316654
1058.57575102
1043.18813816
1024.47621736
1006.64195589
992.577777809
976.961477854
958.474172218
943.697190349
928.478147327
912.957049058
899.493882689
885.944581482
872.721663494
861.031039351
848.930549449
838.35142544
827.819620276
816.519868988
692.618312571
581.69445541
505.257227333
447.762955885
405.463965432
374.429955331
342.219321034
316.602804032
296.031210649
280.081611604
265.708108595
251.440731676
241.371644566
232.51645068
221.201043506
212.821763862
204.241740176
200.102792358
193.519716542
189.963292049
183.776533252
176.858639044
173.415968113
169.013143349
165.998860292
162.152377142
156.611925644
153.090833201
151.342524353
147.156329206
144.80975614
142.076339707
140.476642972
138.776640386
137.137082619
135.071605316
132.060915125
129.243571827
128.447757236
126.075569392
125.060173316
123.668271554
122.97428817
121.978292372
121.065185177
119.263908977
118.064244949
116.659220886
114.561128927
113.252819206
113.091092236
111.892236457
110.326940883
109.019175343
108.612749497
107.009406581
105.967350569
106.144346956
105.413686515
105.421051745
106.282144476
106.484757232
106.068905636
104.249710146
103.67624869
104.124564464
103.639457878
103.786806112
101.303481963
100.025605686
100.05388226
98.9554589656
98.7721498767
98.4324662857
97.3698812811
96.1006653236
95.9121241686
96.1080941646
95.5849119904
94.3011743919
94.9174186726
95.0866461471
95.0426601282
92.8914842489
92.5115509997
92.5344485927
91.7664129348
91.7987186156
91.3265953929
91.8587700611
90.8277026787
90.5024953078
89.3093137729
89.7631010797
89.9248681092
88.6709877607
88.0261862503
87.6191386242
88.7056867423
87.7129156983
86.5193120443
86.7442512704
85.6399925497
85.4712746058
84.8146387276
84.7890475148
84.2664106953
83.9151002646
84.4729168177
84.7936095501
84.1068740421
84.1593546917
84.0424854756
82.4862195168
82.2895820754
81.7393586204
82.4142497371
83.5315537018
82.0010847798
82.4469108201
82.2057167728
82.1510393385
81.8662519909
80.7467987409
80.1994815407
79.7058956744
80.0817020789
79.5593578217
78.6397806072
79.1057947814
77.8244767497
78.2348698595
78.7216393547
77.2879820517
77.0945196623
76.4669067858
75.5876806318
75.5536585454
76.5174523
76.5366549903
76.0376393958
75.7192327681
75.2035344527
75.0184627384
75.3466909736
76.4630531291
76.3483630467
76.2802133484
75.7242778445
75.9370121827
74.4364164432
74.9689908678
74.3545946664
73.9828427443
73.5383477368
74.6730346322
73.5619105365
73.5314325984
73.950269861
73.9256950619
74.2974154286
73.8297278732
73.8298401296
73.2559276177
73.8482686188
74.6467583499
74.1823691191
73.1118668615
73.2410079469
72.6259353097
72.9200331739
72.1880061621
72.1387861526
71.8604473882
72.2904945923
72.0675209871
71.6436922028
71.9246679903
72.6049132791
72.9306211306
71.6362125013
71.5504388298
71.9433543389
71.8941828168
72.2283854847
70.9996604541
70.9436476796
70.1535197631
69.1883582275
69.5878893812
69.3383569139
69.9736473609
69.6095878649
69.2826467139
68.261719879
69.5488276175
70.3880544069
70.8719140065
72.121046425
72.6977962292
72.4193238588
71.6237065439
71.0697039884
71.5162289974
71.109726456
71.6545254149
72.1466254298
70.819028081
71.6517505618
71.436782785
70.8953795272
71.4443042393
70.0727898056
70.8429136193
69.8886112916
70.2673204633
69.3743154612
68.8484975808
69.264658227
68.1216079389
68.1512527748
67.3847362057
67.2297110131
67.2907354581
67.3178203266
67.5798386751
66.8178274074
67.5675427784
67.3372633046
67.7948119382
67.3606709734
66.2275237785
66.4542369879
66.3281188279
66.7652142931
66.6010736693
66.2018850396
65.7857456204
66.2372053938
66.0507966254
66.5622091401
66.5687422402
66.722321069
67.2801481745
66.4384887234
65.7003287132
66.4465679399
66.1357603484
66.6537524526
66.9369201051
66.5992245858
64.85352349
65.2509669029
66.0346911815
65.1589994166
65.3924891527
64.2306478119
64.774982901
65.2054656088
64.2686060172
64.5203935175
64.1592977633
64.1629269819
64.4113694672
63.6063959204
63.9060250605
63.2810731744
63.4814276874
63.6583502723
63.6017606569
63.9306605693
64.1783981345
64.5137305156
64.3530262271
64.2554450516
64.9054480944
63.9051400392
63.5872152012
63.5453079382
64.5822151289
63.6242976681
64.5723130654
63.7756850724
63.2390751199
62.9184381329
63.1424787105
63.0956065667
62.0638472577
62.347459804
61.7215518981
61.7940045561
61.8218736511
62.8243549071
62.5786251592
62.3486767695
62.9642491624
63.6930982735
62.944538105
62.6719439457
62.5374253028
63.4352103861
62.7366497561
63.4448787183
63.1152840533
62.7796471017
