19060.8400507
10165.1523201
6910.45230656
5215.58259432
4098.27204932
3410.10022904
2959.73071553
2467.06405158
2040.46673563
1706.07159093
1441.31460451
1228.3377787
1049.66816946
940.818860364
857.545823325
797.162053247
744.50920923
698.075548874
666.125628223
633.073911958
607.042573967
586.094163227
560.48809606
541.133152545
520.527193682
501.851911421
486.285717299
470.728135762
456.436531977
442.993937902
427.84711042
413.973723331
404.508679188
397.30015421
385.506493124
375.318330414
365.229908661
355.390682123
348.203879868
341.113960245
334.589020867
325.776592739
315.518542103
306.495079598
298.147907088
291.474702535
286.715977519
277.936176336
272.455976543
265.421137719
258.906696429
254.848377588
250.372364257
244.029201665
239.904100633
235.554270789
230.556526666
226.760799066
224.044140238
220.399322412
217.728128196
214.852819953
212.934764772
210.651819266
208.496884527
177.202515748
150.871759438
133.319411622
120.957402864
111.027982726
104.660223257
95.891065005
89.7596676995
84.9917329196
82.0972029356
78.9977162369
75.0835895291
73.1352638713
71.6187781734
68.3442835401
66.7656716793
64.3272292271
64.8437169811
62.5112488312
62.3981233631
60.6970736943
58.0298291349
58.1431103298
57.2258029675
56.8897160385
55.6966707413
54.1106033427
53.0914228497
53.6190416652
51.5646232438
51.4815824757
50.8991838131
51.0244443313
50.6899204875
50.3143230171
49.7848030123
48.5599874601
47.5928670813
47.6171939423
46.8629593338
46.9554825192
46.6506342538
46.7424447996
47.0211938869
46.6635535958
45.8007158912
45.4190878818
45.2951480225
44.3571014501
44.0992026333
44.7392078177
44.500787783
43.6958498389
43.0600265957
43.4092298265
42.9154620024
42.4020228783
43.124666524
42.6834868875
43.0531911738
44.061794645
44.2035427496
44.279532232
43.1204493306
43.0707164616
43.6270037823
43.631928576
43.8605564965
41.7979615604
41.839176068
42.309415729
41.5723645214
42.0726996154
41.7547682988
41.3205916856
40.5020545236
40.6416875092
41.1848749091
40.8593129323
40.0502431469
40.8742643323
41.1813154168
41.0658099434
39.4234396704
39.7956775435
40.1618452518
39.8427049182
39.9526317684
39.4858858394
40.2768436122
39.417078991
39.448705057
38.9673379454
39.4194474168
39.7386912124
38.804303496
38.6617769307
38.514139468
39.5627818464
38.8799942051
37.7313804665
38.4412247437
37.5197467928
37.4396154963
37.3922355792
37.702400808
37.151797057
37.2204959136
37.5160288334
38.1802852595
37.5018420288
37.9505571785
38.05052686
37.2077653046
37.1448893013
36.9058899397
37.5149002095
38.3650495427
37.0186535039
37.6713275624
37.4728285034
37.5097290828
37.3753147857
36.4036745449
35.9991815337
35.9845955191
36.3128648247
36.2792394096
35.7536596698
36.1323409518
35.2435282327
35.7424084224
36.2737333645
35.1579881871
35.3023167268
34.714080439
34.2109107942
34.5891000572
35.4245578295
35.2906910662
35.1334331053
34.8221521118
34.5965486594
34.6905510565
34.9859450282
35.9114959151
35.9552959455
35.8841964039
35.3341236808
35.5954408197
33.9280513461
34.9330204184
34.6112531523
34.0566095344
34.0746058704
35.0348249449
34.5053116991
34.3399931688
34.7882650493
34.9254991258
35.182316161
34.7542442241
34.5217983237
34.3450437634
34.8150227292
35.6043493735
35.2207530554
34.1514557624
34.353215723
34.0984387518
34.4841597432
33.9452016641
33.8673217264
33.9733132411
34.4185237629
34.1249404474
34.0276025537
34.0993765465
35.0227825913
35.0486603861
34.0205159085
33.7924700074
34.4523115879
34.363309161
34.6006864299
33.6014919331
33.8142116627
32.936011294
32.2998146027
32.8366695564
32.7746080376
33.1598741656
33.140265022
32.7076303966
32.7097351415
33.9429096393
34.6552989424
34.7924736621
35.7816331839
35.6196761976
35.0503995401
34.3012427563
34.2922071601
34.6057056985
34.3767528769
34.7279273875
35.3166412887
34.117688342
34.9292124201
34.4117431683
33.9995443438
34.4026393434
33.6460731118
34.4632431262
33.5760299672
33.9768060386
32.8309005405
32.9771311585
33.533301744
32.6022050086
32.700756276
32.1460223428
32.0082548392
32.2869378906
32.2140256642
32.3165492189
32.0620766901
32.9110843933
32.7109837697
33.0799318317
32.5772629634
31.9485855907
32.4721404292
32.2053609424
32.4963358454
32.6202177996
31.855977093
31.7076093062
32.5253289564
32.0990498849
32.496191722
32.1830628792
32.6736213445
33.0202153005
32.4331875571
31.5404185013
32.0634423084
32.0182420063
32.7939269203
32.8863142878
32.479639783
30.7718624818
31.7291697812
32.5998201556
31.6738899446
31.9655809575
30.7321348451
31.8387159539
32.0899085244
31.1625028196
31.5758769256
31.6521004652
31.3492442811
31.1860605252
30.7706426042
31.3591799474
30.7433379936
30.9388707125
31.0057272782
31.1451408483
31.3397692983
31.6250410221
31.9230390368
31.785750237
31.9982903746
32.2574970746
31.2085602005
31.0475825981
31.1290713673
32.0739178364
31.2935403693
32.3073841237
31.4369952083
31.0415470828
30.9956097941
30.9786404189
30.9591349846
30.3292682441
30.6979311164
30.1080807814
30.3024773354
30.73204441
31.4869915352
30.903595906
30.7130320591
31.1847194951
31.7184714458
31.2072580863
30.698835337
31.0664809628
31.414227131
30.9607284933
31.6387956037
31.1961693796
31.0777684757
