19379.1717683
10342.9203353
7038.22421831
5316.88883522
4182.65747365
3481.70211665
3017.66371824
2504.39814305
2052.0957873
1694.20820498
1415.71005945
1201.67147665
1026.90876353
921.487562805
842.133344501
784.791821974
735.755291017
691.505990955
660.512801539
629.395372431
605.008583097
585.117926376
560.914249982
542.426642378
522.65423921
504.731222634
489.8890375
474.934171469
461.177323816
448.121981213
433.303430614
419.446351587
409.953493598
402.72879525
390.977770068
380.569474507
370.258099216
360.274449757
352.997275089
345.836288118
339.1835068
330.408764805
320.17509498
311.019968076
302.547010118
295.76547625
290.897826652
282.126941528
276.564702183
269.465562286
262.84564861
258.653429508
254.171338113
247.737560609
243.514169852
239.144595444
234.012219916
230.141324163
227.426391865
223.752008781
221.064571465
218.136496341
216.162978228
213.812355664
211.713466423
180.068279578
153.308766183
135.549001073
122.980869567
112.907371607
106.455550355
97.5266260143
91.2827166894
86.4225004961
83.5022888318
80.3407411876
76.3868165494
74.3774163719
72.8287805203
69.4768248256
67.9030175561
65.4020501008
65.9491178805
63.5757476448
63.4485348208
61.7277151328
59.0071289018
59.1383306047
58.1856335171
57.8398113823
56.6699776506
55.0111638383
54.019803281
54.5329140266
52.4326818551
52.3501644231
51.7688792774
51.8903514211
51.5337729485
51.1690959914
50.6220747646
49.3691442737
48.3862160944
48.4239639121
47.6408844755
47.7487661538
47.4261741237
47.5357331929
47.8022563332
47.4666064771
46.5807045033
46.1867644324
46.0687904759
45.1023966568
44.8402797129
45.5126103205
45.2456047651
44.4323708359
43.7832342001
44.1452938358
43.6199519033
43.1200531671
43.8415475418
43.416536883
43.7728337171
44.8312670752
44.9506273796
45.0231244434
43.8501821528
43.8027790312
44.3653947055
44.3705236544
44.5890339402
42.5268646713
42.5367308594
43.0417692763
42.2771718871
42.7810256729
42.453894816
42.0137763622
41.1919912746
41.3233072199
41.8744600638
41.5567758348
40.7343731048
41.5678691356
41.8721885551
41.7693620879
40.086333638
40.4688407848
40.8367075208
40.5198241957
40.6297586842
40.1546909966
40.9650182774
40.0923259168
40.1103347743
39.6202310913
40.0989155334
40.4265632124
39.4627140639
39.3120666816
39.1628506322
40.2383863967
39.5441875571
38.3662106724
39.1018594469
38.1505350405
38.1013034184
38.0188900012
38.3388298877
37.7774916396
37.8489719099
38.1542480306
38.8279408335
38.1337944779
38.5946877548
38.7062034562
37.8303614948
37.7836340068
37.5145326501
38.1648839168
39.0250454996
37.6448297021
38.3089490738
38.1027299572
38.1529543201
38.0109595473
37.0124248104
36.6089265626
36.5938422367
36.9386941642
36.8989280347
36.3580510401
36.7497933191
35.8396519409
36.3430276409
36.9035801352
35.7691994415
35.8996709055
35.3155748481
34.7940920964
35.173968383
36.0218022346
35.8979905251
35.7226499141
35.4073221569
35.1855643116
35.2739276444
35.5873337583
36.5317401032
36.5721872343
36.4956903879
35.9309406097
36.1926432708
34.5419813155
35.5359221434
35.1874076043
34.6373146716
34.6386924007
35.6576606658
35.082259588
34.9142670995
35.3987097895
35.505945052
35.7818664747
35.3377552148
35.1184382059
34.9138757668
35.4166826747
36.2053244042
35.81220676
34.7266787277
34.9408537316
34.6668608923
35.0770679681
34.520182046
34.448490912
34.5540811027
34.9925291683
34.7051742042
34.5927966212
34.6802874773
35.6241733058
35.6458856445
34.5838150365
34.3607582394
35.0216872599
34.9394461109
35.1968750322
34.1618056695
34.391474423
33.5060188308
32.8442805692
33.3941549486
33.325537938
33.7275755876
33.7009184154
33.2697503901
33.2739785658
34.5409910369
35.2411129632
35.381619184
36.3891575415
36.2381809806
35.6531270817
34.889054845
34.8809119806
35.1961543815
34.9682827065
35.3270556689
35.9230203674
34.6992143126
35.5250242085
35.0012155728
34.5800709319
34.9952033219
34.2098611843
35.0508542235
34.1475752876
34.544032506
33.4007510942
33.533776807
34.1017663538
33.1640539179
33.2626390057
32.6933105106
32.5478514244
32.8380093009
32.7768857376
32.8876421814
32.6072082191
33.4806157305
33.2723145657
33.6521579597
33.1437274209
32.4976013871
33.0236937251
32.7517287161
33.0512264391
33.1797422291
32.4004037926
32.2545610164
33.0693150661
32.639439406
33.0437801958
32.7514582294
33.2280884799
33.581343483
32.9852124902
32.0762699137
32.6216778042
32.5631995243
33.348723531
33.4504725456
33.0310890684
31.3081863698
32.2641608821
33.1675530715
32.2146036905
32.5127703963
31.2605761742
32.3738250132
32.6389489483
31.6939486676
32.1077931169
32.192438554
31.8712292775
31.7198504905
31.3117803119
31.8980837257
31.2740894058
31.4638307423
31.537096132
31.6876320211
31.8875037421
32.1626874664
32.4661592069
32.3369950912
32.5448412083
32.8030373935
31.7442306425
31.5835210126
31.6638576687
32.6270432792
31.8272765703
32.8522030779
31.9778515356
31.5681927815
31.51503513
31.5035260834
31.5018452592
30.8505432227
31.2257723081
30.625882831
30.8208194975
31.2499197731
32.0186241007
31.4258647254
31.2316044246
31.7148463894
32.2630512142
31.7322877125
31.2196764531
31.5896692103
31.9557146428
31.4786871018
32.1711141163
31.7256245164
31.6037039536
