16894.028173
8725.07581872
5925.65766712
4503.1135669
3585.24767479
3039.97778967
2702.75673177
2338.38415488
2026.9215032
1787.49477297
1586.76065023
1402.61722979
1223.81760964
1108.34531465
1012.46741972
939.327458579
873.05336607
815.953414636
777.207352977
736.063575895
703.522455066
677.817688108
647.151141557
623.976741598
599.249003031
577.010515744
558.215587618
539.77740059
522.832047052
506.923511582
489.035627153
472.691004426
461.470536047
452.937499856
439.252833406
427.475506014
416.063389761
404.787516627
396.682378032
388.72290073
381.300775677
371.46900891
359.806090311
349.641240368
340.207974964
332.60702
327.100654336
316.985005467
310.594628914
302.483852684
294.878482197
290.063049366
284.839319986
277.446917324
272.536478669
267.467705707
261.608788341
257.136891527
253.985242914
249.745765012
246.61134662
243.225791429
240.917570625
238.211384797
235.772849411
199.961662087
169.843492323
149.956058506
135.922252735
124.716917212
117.548606059
107.66066332
100.749828942
95.3767524841
92.1473725127
88.6558219175
84.2927151465
82.0748334155
80.369194288
76.6713634009
74.9395287305
72.1811065342
72.7883796707
70.17363876
70.0361305804
68.1404159327
65.1399766662
65.288650807
64.2406711715
63.8613829944
62.5759371998
60.744702907
59.6550957947
60.2237285617
57.9079397259
57.8195260856
57.1807863511
57.3180139574
56.9256719992
56.5256074506
55.9233673378
54.5415313021
53.4576764832
53.5023883565
52.6388655882
52.7607662718
52.4052286709
52.5291553576
52.824819635
52.4562039258
51.4798541037
51.0450885251
50.9171279061
49.8493387159
49.5620363439
50.3070944065
50.0135138647
49.1154353562
48.3994426216
48.8014149076
48.2213726355
47.6711838969
48.4694617432
48.0014190955
48.3961102442
49.5678001401
49.7010408653
49.7822269804
48.4860467358
48.4347455932
49.0578421652
49.0647490562
49.3074638904
47.0285759135
47.0396005311
47.5995689246
46.7535557783
47.3130924434
46.951695665
46.4649968226
45.5572143722
45.7027335385
46.3130084381
45.9625973816
45.0537589049
45.9756955165
46.3130096614
46.1997231017
44.339921159
44.7627735415
45.1700184309
44.8210678911
44.9427172613
44.4183827989
45.3153451544
44.3499865822
44.3701486334
43.8288582877
44.3584961303
44.7217208826
43.6560410827
43.489647447
43.3251041808
44.5157956944
43.7479135247
42.4451625579
43.2589973231
42.2070840506
42.1534839859
42.061775962
42.4166906871
41.7960817654
41.8759418961
42.2133153307
42.9602639936
42.1918582526
42.702852938
42.8258831026
41.8573081491
41.8059709186
41.5077847537
42.2293525984
43.1806572677
41.6538547412
42.389175919
42.1609981558
42.2170653166
42.0599323772
40.9562797777
40.5098904138
40.4928425593
40.8748243518
40.8312064553
40.2330193032
40.6666120693
39.6593527051
40.2167355273
40.8376587825
39.5830342891
39.7270571393
39.0817384574
38.504560437
38.9247097238
39.8628010931
39.7262190103
39.532657819
39.183391252
38.9384988495
39.0365635056
39.3837402801
40.4291545457
40.4737168704
40.3900442034
39.7649620744
40.0538582551
38.2284241117
39.3281208877
38.9427970654
38.3341933803
38.3353798576
39.4640590682
38.8263565072
38.6409680386
39.1779851723
39.2966767192
39.6024636617
39.1106944579
38.8684272944
38.6416697354
39.1989195409
40.0718356093
39.6366511171
38.4354996594
38.6726829588
38.3693386884
38.8240285137
38.2072770385
38.1285260621
38.2454238484
38.7301704091
38.4128881853
38.2883868178
38.3855632232
39.4304080248
39.454530861
38.2788363849
38.0322875951
38.7632409689
38.6729066347
38.9586849887
37.8121485633
38.067465379
37.0870398549
36.3544499495
36.9634082552
36.8873545032
37.3325418921
37.3034430071
36.8260370672
36.8310446884
38.2338171638
39.0088925653
39.164714604
40.2795723396
40.1134057831
39.4655385307
38.6190291785
38.6104731423
38.9598418842
38.7078016246
39.1049303352
39.7647369101
38.4105230995
39.3247782695
38.7446556084
38.2789359885
38.7385567572
37.8688902244
38.8001237541
37.8002784898
38.2386922168
36.9738358096
37.1206512455
37.7501499871
36.7120667871
36.8215256386
36.1913517628
36.0298918485
36.3517038124
36.2841211112
36.4074220779
36.0960933964
37.063690024
36.8331346411
37.2539022028
36.6910181273
35.975200921
36.5583588904
36.2570064059
36.58850327
36.7307139877
35.8686218691
35.7070096528
36.6083950048
36.1331862408
36.580916111
36.2575352875
36.7847824674
37.1765079603
36.5165070239
35.509937139
36.1141521445
36.0491804952
36.9189142208
37.0325533392
36.5672662727
34.6609489757
35.7185547892
36.7190360257
35.6635168617
35.9942160122
34.6078818139
35.8405438014
36.1340039105
35.0881128378
35.5457731299
35.6398991036
35.2843655562
35.1171828865
34.6652335387
35.3144053658
34.6237299029
34.8337194616
34.9151405753
35.0815437608
35.3035222564
35.6076395266
35.9437427937
35.801335825
36.0313240625
36.3169667975
35.1452119563
34.9668601493
35.0555431409
36.122252677
35.2369832747
36.3717077355
35.4041186987
34.950520109
34.8910766895
34.8785626046
34.8771868939
34.1561777933
34.5716519231
33.9077368978
34.1230300171
34.5981013628
35.4492686264
34.7937042537
34.5776251479
35.1130292573
35.7203882058
35.132598201
34.5647711326
34.9747814185
35.3804213803
34.8515262426
35.6188794717
35.125606509
34.9905662404
